Name:		lavras08
Optimal value:	6038
#Vehicles:	2
Capacity:	5400
Depot Node:	773
#Nodes:		773
#Edges:		832
#Arcs:		328
#Required N:	0
#Required E:	160
#Required A:	4

ReN.	DEMAND	S. COST

ReE.	FROM N.	TO N.	T. COST	DEMAND	S. COST
E1	17	18	11	1	17
E2	18	19	11	1	17
E3	19	20	11	1	17
E4	20	21	11	1	17
E5	21	22	11	1	17
E6	22	23	11	1	17
E7	23	24	11	1	17
E8	24	25	11	1	17
E9	25	26	11	1	17
E11	28	29	21	1	32
E12	30	28	37	1	56
E20	39	20	20	1	30
E21	20	40	20	1	30
E22	40	41	20	1	30
E23	41	42	21	1	32
E24	42	43	34	1	51
E25	44	45	12	1	18
E26	45	40	11	1	17
E27	40	46	11	1	17
E28	46	47	12	1	18
E30	50	51	12	1	18
E31	52	53	11	1	17
E32	53	54	13	1	20
E33	29	57	11	1	17
E34	57	58	12	1	18
E35	59	60	7	1	11
E36	60	61	13	1	20
E37	61	62	8	1	12
E38	25	63	21	1	32
E39	63	59	21	1	32
E40	69	51	15	1	23
E41	51	70	11	1	17
E42	70	71	10	1	15
E43	71	72	18	1	27
E48	80	50	21	1	32
E49	50	81	21	1	32
E50	81	26	20	1	30
E52	83	84	8	1	12
E53	84	85	11	1	17
E54	85	41	11	1	17
E55	41	86	11	1	17
E63	94	95	30	1	45
E64	95	57	21	1	32
E65	57	96	21	1	32
E66	96	23	20	1	30
E67	23	97	13	1	20
E68	98	94	2	1	3
E72	101	102	31	1	47
E73	103	104	41	1	62
E74	104	86	21	1	32
E75	105	103	2	1	3
E79	111	112	27	1	41
E80	112	84	20	1	30
E81	84	44	20	1	30
E85	115	116	19	1	29
E86	116	117	4	1	6
E87	117	58	16	1	24
E88	58	118	21	1	32
E89	118	24	20	1	30
E90	24	119	9	1	14
E91	120	115	7	1	11
E94	124	112	7	1	11
E95	112	101	11	1	17
E96	115	62	18	1	27
E97	62	80	12	1	18
E98	80	69	14	1	21
E99	69	54	25	1	38
E134	177	178	33	1	50
E135	179	180	33	1	50
E136	181	182	30	1	45
E137	185	186	33	1	50
E138	186	187	6	1	9
E139	188	189	30	1	45
E140	189	190	13	1	20
E141	191	192	19	1	29
E142	192	193	30	1	45
E143	194	195	7	1	11
E144	195	196	30	1	45
E147	199	200	12	1	18
E152	204	191	10	1	15
E153	205	187	10	1	15
E154	187	206	10	1	15
E155	206	207	10	1	15
E156	207	208	30	1	45
E157	209	178	10	1	15
E158	178	180	10	1	15
E159	180	205	3	1	5
E160	205	186	8	1	12
E161	210	192	10	1	15
E162	192	195	10	1	15
E163	195	181	11	1	17
E164	181	208	10	1	15
E165	208	188	10	1	15
E166	188	211	5	1	8
E385	184	206	39	1	59
E389	485	193	11	1	17
E390	193	196	10	1	15
E391	196	182	11	1	17
E392	182	207	9	1	14
E393	207	189	10	1	15
E394	184	185	10	1	15
E395	185	179	10	1	15
E396	179	177	10	1	15
E397	177	487	10	1	15
E455	58	59	12	1	18
E456	59	50	11	1	17
E457	111	102	12	1	18
E458	102	43	14	1	21
E459	111	593	20	1	30
E460	86	29	11	1	17
E466	25	607	6	1	9
E469	46	21	20	1	30
E470	21	611	20	1	30
E471	612	44	6	1	9
E490	26	629	8	1	12
E502	204	210	20	1	30
E503	210	200	11	1	17
E542	669	670	6	1	9
E543	670	105	8	1	12
E544	105	30	14	1	21
E545	30	98	13	1	20
E546	98	120	11	1	17
E570	129	17	21	1	32
E571	17	681	9	1	14
E572	129	682	12	1	18
E587	70	53	31	1	47
E592	485	200	19	1	29
E623	101	85	21	1	32
E624	85	45	20	1	30
E625	45	19	20	1	30
E626	19	730	21	1	32
E627	101	42	12	1	18
E628	42	104	11	1	17
E629	104	28	11	1	17
E630	28	731	6	1	9
E632	732	669	14	1	21
E661	117	60	15	1	23
E662	47	96	11	1	17
E663	96	118	11	1	17
E664	118	63	12	1	18
E665	63	81	11	1	17
E666	81	71	12	1	18
E667	71	52	27	1	41
E671	44	18	20	1	30
E672	18	682	21	1	32
E673	682	730	11	1	17
E674	730	643	4	1	6
E675	643	39	9	1	14
E676	39	611	11	1	17
E677	611	738	12	1	18
E678	682	128	9	1	14
E679	29	47	20	1	30
E680	47	22	20	1	30
E681	22	738	20	1	30
E729	487	209	33	1	50
E797	767	95	3	1	5
E798	95	116	12	1	18
E799	116	61	11	1	17
E800	731	767	3	1	5
E822	203	204	11	1	17

EDGE	FROM N.	TO N.	T. COST
NrE10	27	17	14
NrE13	31	32	15
NrE14	32	33	15
NrE15	33	34	28
NrE16	34	35	21
NrE17	36	37	28
NrE18	37	38	18
NrE19	38	31	77
NrE29	48	49	34
NrE44	75	76	7
NrE45	76	77	12
NrE46	77	78	11
NrE47	78	79	11
NrE51	82	80	11
NrE56	87	88	7
NrE57	88	89	12
NrE58	89	90	11
NrE59	90	91	11
NrE60	92	77	20
NrE61	77	89	21
NrE62	89	93	21
NrE69	99	76	20
NrE70	76	88	20
NrE71	88	100	21
NrE76	106	107	11
NrE77	108	109	13
NrE78	109	110	7
NrE82	113	75	20
NrE83	75	87	21
NrE84	87	114	21
NrE92	121	122	11
NrE93	122	123	12
NrE100	54	125	12
NrE101	27	127	21
NrE102	130	131	28
NrE103	131	132	7
NrE104	134	135	25
NrE105	142	140	4
NrE106	143	144	9
NrE107	144	145	10
NrE108	145	146	34
NrE109	147	148	15
NrE110	148	149	18
NrE111	150	151	15
NrE112	151	152	16
NrE113	152	153	16
NrE114	148	154	3
NrE115	154	150	5
NrE116	150	155	10
NrE117	155	156	11
NrE118	157	158	6
NrE119	158	149	11
NrE120	149	159	9
NrE121	147	151	7
NrE122	151	160	10
NrE123	161	162	12
NrE124	163	164	19
NrE125	164	165	18
NrE126	166	163	5
NrE127	167	164	11
NrE128	164	168	10
NrE129	169	170	13
NrE130	170	171	13
NrE131	172	173	12
NrE132	173	174	14
NrE133	174	175	14
NrE145	197	198	12
NrE146	198	199	12
NrE148	198	201	28
NrE149	201	202	27
NrE150	122	198	24
NrE151	201	203	12
NrE167	213	202	14
NrE168	202	214	13
NrE169	215	216	7
NrE170	216	217	11
NrE171	217	218	11
NrE172	218	219	12
NrE173	220	221	11
NrE174	221	222	11
NrE175	222	223	19
NrE176	224	225	21
NrE177	225	218	19
NrE178	218	226	14
NrE179	226	227	13
NrE180	232	224	12
NrE181	224	233	11
NrE182	233	234	11
NrE183	234	235	11
NrE184	236	237	8
NrE185	237	225	11
NrE186	225	238	12
NrE187	238	239	11
NrE188	239	240	6
NrE189	241	242	21
NrE190	242	243	20
NrE191	244	245	11
NrE192	245	246	11
NrE193	246	247	21
NrE194	247	241	16
NrE195	248	249	21
NrE196	249	250	20
NrE197	250	251	16
NrE198	252	253	14
NrE199	253	254	14
NrE200	254	255	18
NrE201	255	248	34
NrE202	256	257	21
NrE203	257	258	20
NrE204	258	259	15
NrE205	260	261	11
NrE206	261	262	13
NrE207	262	263	14
NrE208	263	264	20
NrE209	264	256	25
NrE210	265	266	19
NrE211	266	267	16
NrE212	268	252	2
NrE213	252	261	14
NrE214	261	244	28
NrE215	244	222	19
NrE216	222	233	18
NrE217	233	238	21
NrE218	238	219	19
NrE219	270	254	17
NrE220	254	263	14
NrE221	263	246	13
NrE222	246	220	20
NrE223	220	235	17
NrE224	235	271	14
NrE225	271	240	7
NrE226	272	273	18
NrE227	274	275	12
NrE228	278	279	17
NrE229	280	281	17
NrE230	282	283	20
NrE231	284	285	12
NrE232	285	286	6
NrE233	286	287	12
NrE234	288	248	11
NrE235	248	256	11
NrE236	256	241	11
NrE237	289	290	11
NrE238	290	273	3
NrE239	273	274	2
NrE240	274	279	11
NrE241	279	286	12
NrE242	291	292	17
NrE243	292	293	20
NrE244	293	288	21
NrE245	288	294	7
NrE246	293	249	11
NrE247	249	257	11
NrE248	257	242	11
NrE249	242	282	11
NrE250	282	295	11
NrE251	289	272	28
NrE252	272	278	13
NrE253	278	284	11
NrE254	284	299	30
NrE255	304	305	18
NrE256	305	38	8
NrE257	306	307	34
NrE258	67	308	24
NrE259	312	313	17
NrE260	313	314	13
NrE261	314	315	13
NrE262	315	316	12
NrE263	319	320	17
NrE264	322	307	7
NrE265	307	323	13
NrE266	324	312	28
NrE267	325	326	13
NrE268	327	328	15
NrE269	330	331	20
NrE270	332	333	4
NrE271	333	334	20
NrE272	334	313	21
NrE273	313	335	13
NrE274	322	331	12
NrE275	331	339	14
NrE276	342	343	7
NrE277	343	344	21
NrE278	344	306	13
NrE279	345	346	21
NrE280	346	315	21
NrE281	315	347	12
NrE282	347	348	30
NrE283	335	308	2
NrE284	308	349	11
NrE285	349	347	12
NrE286	347	350	12
NrE287	350	351	10
NrE288	351	352	21
NrE289	352	353	12
NrE290	354	355	8
NrE291	355	356	2
NrE292	356	357	5
NrE293	357	358	18
NrE294	358	359	5
NrE295	360	361	8
NrE296	361	362	16
NrE297	362	363	15
NrE298	363	364	15
NrE299	364	354	13
NrE300	365	366	17
NrE301	367	368	2
NrE302	369	367	21
NrE303	374	358	10
NrE304	375	376	17
NrE305	380	381	11
NrE306	382	383	11
NrE307	383	384	12
NrE308	355	368	34
NrE309	368	386	1
NrE310	389	390	14
NrE311	390	391	10
NrE312	392	360	22
NrE313	393	362	30
NrE314	362	375	12
NrE315	375	394	11
NrE316	394	395	5
NrE317	334	400	12
NrE318	400	346	13
NrE319	346	55	13
NrE320	401	376	7
NrE321	376	363	14
NrE322	363	402	26
NrE323	408	401	12
NrE324	401	409	17
NrE325	412	413	53
NrE326	413	414	5
NrE327	414	415	12
NrE328	416	417	20
NrE329	418	419	12
NrE330	420	421	18
NrE331	426	427	20
NrE332	427	266	21
NrE333	266	428	17
NrE334	429	430	16
NrE335	430	426	23
NrE336	320	431	4
NrE337	432	433	29
NrE338	434	432	6
NrE339	435	436	59
NrE340	436	437	13
NrE341	438	439	15
NrE342	440	441	15
NrE343	442	443	12
NrE344	443	444	5
NrE345	431	445	13
NrE346	446	447	20
NrE347	447	438	11
NrE348	441	448	12
NrE349	449	436	11
NrE350	436	450	10
NrE351	450	441	14
NrE352	447	451	14
NrE353	451	452	15
NrE354	452	429	16
NrE355	429	453	16
NrE356	454	439	4
NrE357	439	451	11
NrE358	451	455	20
NrE359	456	457	16
NrE360	459	460	5
NrE361	460	461	8
NrE362	461	462	8
NrE363	463	13	24
NrE364	466	467	16
NrE365	467	468	18
NrE366	469	470	11
NrE367	471	472	14
NrE368	472	473	11
NrE369	474	475	14
NrE370	475	476	7
NrE371	11	477	14
NrE372	477	464	7
NrE373	464	478	5
NrE374	154	158	20
NrE375	158	476	19
NrE376	476	473	29
NrE377	469	481	17
NrE378	481	458	12
NrE379	458	482	15
NrE380	276	275	3
NrE381	275	287	21
NrE382	287	484	10
NrE383	484	281	1
NrE384	126	276	19
NrE386	486	199	20
NrE387	199	203	30
NrE388	203	214	32
NrE398	423	495	11
NrE399	495	372	12
NrE400	497	408	3
NrE401	498	34	9
NrE402	386	499	5
NrE403	499	35	7
NrE404	395	500	4
NrE405	500	501	11
NrE406	501	32	11
NrE407	502	498	4
NrE408	442	503	35
NrE409	509	510	20
NrE410	510	227	23
NrE411	237	217	20
NrE412	285	280	11
NrE413	280	512	11
NrE414	512	513	12
NrE415	281	277	10
NrE416	277	514	2
NrE417	514	511	10
NrE418	511	515	4
NrE419	512	514	18
NrE420	516	259	35
NrE421	259	251	11
NrE422	251	291	12
NrE423	291	517	6
NrE424	423	388	14
NrE425	388	520	11
NrE426	421	521	8
NrE427	521	522	6
NrE428	522	415	12
NrE429	410	318	6
NrE430	540	542	2
NrE431	15	425	50
NrE432	35	551	39
NrE433	565	566	13
NrE434	566	567	13
NrE435	74	565	16
NrE436	570	571	12
NrE437	571	572	11
NrE438	572	573	23
NrE439	570	574	40
NrE440	568	339	19
NrE441	574	576	20
NrE442	482	467	19
NrE443	467	457	16
NrE444	503	470	34
NrE445	470	577	49
NrE446	107	578	27
NrE447	578	579	34
NrE448	532	580	5
NrE449	162	583	12
NrE450	584	578	11
NrE451	585	586	17
NrE452	383	587	21
NrE453	587	585	24
NrE454	588	403	15
NrE461	501	594	33
NrE462	596	597	17
NrE463	598	599	12
NrE464	337	327	23
NrE465	327	595	20
NrE467	440	428	13
NrE468	428	437	7
NrE472	552	613	21
NrE473	455	552	31
NrE474	551	446	2
NrE475	614	615	14
NrE476	616	106	9
NrE477	106	617	13
NrE478	617	584	13
NrE479	618	616	5
NrE480	74	619	12
NrE481	619	108	11
NrE482	137	620	11
NrE483	137	622	12
NrE484	622	134	11
NrE485	134	623	12
NrE486	136	624	12
NrE487	128	627	17
NrE488	624	623	29
NrE489	619	628	11
NrE491	631	632	19
NrE492	394	641	14
NrE493	641	392	14
NrE494	361	641	21
NrE495	642	297	26
NrE496	625	627	4
NrE497	627	132	6
NrE498	132	643	13
NrE499	146	644	6
NrE500	645	146	8
NrE501	647	648	13
NrE504	156	644	5
NrE505	644	479	14
NrE506	650	601	46
NrE507	601	630	3
NrE508	630	651	23
NrE509	650	618	26
NrE510	306	652	18
NrE511	197	213	49
NrE512	213	269	11
NrE513	269	449	56
NrE514	449	653	12
NrE515	654	515	15
NrE516	515	614	32
NrE517	614	615	9
NrE518	615	123	36
NrE519	339	328	19
NrE520	328	656	22
NrE521	382	570	29
NrE522	658	659	12
NrE523	659	571	34
NrE524	571	383	30
NrE525	660	661	14
NrE526	661	658	10
NrE527	658	574	11
NrE528	304	662	11
NrE529	662	572	11
NrE530	572	663	11
NrE531	663	633	12
NrE532	633	384	7
NrE533	295	665	20
NrE534	665	516	10
NrE535	127	129	16
NrE536	666	135	12
NrE537	135	667	11
NrE538	667	138	12
NrE539	666	625	14
NrE540	100	668	20
NrE541	100	93	12
NrE547	120	82	32
NrE548	82	671	40
NrE549	565	171	18
NrE550	171	648	13
NrE551	483	110	4
NrE552	110	672	5
NrE553	672	565	26
NrE554	674	175	26
NrE555	175	562	23
NrE556	562	74	19
NrE557	348	519	19
NrE558	349	314	13
NrE559	314	400	21
NrE560	400	600	21
NrE561	624	622	11
NrE562	622	667	26
NrE563	667	596	22
NrE564	52	678	11
NrE565	678	113	7
NrE566	113	99	7
NrE567	99	92	11
NrE568	92	679	11
NrE569	679	680	11
NrE573	341	352	13
NrE574	352	344	11
NrE575	344	652	18
NrE576	323	330	13
NrE577	330	568	14
NrE578	686	661	20
NrE579	114	100	7
NrE580	478	456	16
NrE581	456	466	16
NrE582	167	631	8
NrE583	631	692	9
NrE584	415	418	29
NrE585	418	693	14
NrE586	623	666	26
NrE588	428	450	14
NrE589	450	435	66
NrE590	435	213	16
NrE591	380	340	21
NrE593	168	706	17
NrE594	706	153	5
NrE595	153	707	16
NrE596	31	448	33
NrE597	172	169	23
NrE598	169	567	16
NrE599	567	176	18
NrE600	708	172	24
NrE601	176	709	11
NrE602	554	714	3
NrE603	715	268	3
NrE604	716	646	15
NrE605	646	444	25
NrE606	717	503	14
NrE607	719	144	8
NrE608	720	719	8
NrE609	723	724	33
NrE610	463	725	4
NrE611	216	726	13
NrE612	726	510	14
NrE613	226	726	23
NrE614	587	590	15
NrE615	648	174	10
NrE616	174	321	26
NrE617	479	474	20
NrE618	474	471	28
NrE619	479	728	9
NrE620	576	698	30
NrE621	576	729	10
NrE622	729	686	10
NrE631	125	678	23
NrE633	679	78	20
NrE634	78	90	20
NrE635	90	598	21
NrE636	638	733	16
NrE637	733	668	35
NrE638	157	475	19
NrE639	475	472	28
NrE640	734	692	5
NrE641	692	165	9
NrE642	165	706	12
NrE643	706	735	9
NrE644	143	462	9
NrE645	735	143	16
NrE646	736	161	17
NrE647	161	735	17
NrE648	735	720	9
NrE649	720	737	11
NrE650	737	160	15
NrE651	160	155	15
NrE652	155	480	16
NrE653	480	157	2
NrE654	707	152	6
NrE655	145	459	9
NrE656	152	737	10
NrE657	737	145	15
NrE658	632	734	18
NrE659	128	666	11
NrE660	596	139	12
NrE668	680	79	19
NrE669	79	91	20
NrE670	91	599	21
NrE682	738	130	14
NrE683	130	626	4
NrE684	626	133	13
NrE685	133	739	11
NrE686	739	640	11
NrE687	671	125	8
NrE688	708	740	12
NrE689	740	321	13
NrE690	321	674	13
NrE691	173	647	11
NrE692	647	170	12
NrE693	170	566	16
NrE694	566	709	20
NrE695	740	173	25
NrE696	628	109	16
NrE697	349	49	3
NrE698	49	519	40
NrE699	333	600	12
NrE700	600	345	13
NrE701	345	591	12
NrE702	591	608	1
NrE703	303	325	51
NrE704	340	302	34
NrE705	302	303	3
NrE706	642	695	55
NrE707	325	642	5
NrE708	381	341	21
NrE709	341	353	17
NrE710	353	323	46
NrE711	381	351	12
NrE712	316	381	13
NrE713	577	747	7
NrE714	532	370	11
NrE715	580	529	6
NrE716	529	748	9
NrE717	748	419	13
NrE718	419	422	13
NrE719	422	522	17
NrE720	316	55	21
NrE721	55	608	20
NrE722	608	592	11
NrE723	592	561	17
NrE724	568	569	9
NrE725	569	575	5
NrE726	339	595	14
NrE727	595	309	15
NrE728	309	382	14
NrE730	123	579	35
NrE731	579	36	16
NrE732	660	305	42
NrE733	305	573	23
NrE734	573	683	12
NrE735	729	658	20
NrE736	663	683	28
NrE737	542	403	23
NrE738	713	255	26
NrE739	255	264	15
NrE740	264	247	14
NrE741	265	752	16
NrE742	752	553	20
NrE743	753	452	18
NrE744	452	754	13
NrE745	409	756	2
NrE746	712	253	9
NrE747	253	262	14
NrE748	262	245	21
NrE749	245	221	20
NrE750	221	234	18
NrE751	234	239	21
NrE752	267	712	3
NrE753	760	453	10
NrE754	761	517	17
NrE755	761	292	7
NrE756	292	250	12
NrE757	250	258	11
NrE758	258	243	11
NrE759	243	283	11
NrE760	283	665	12
NrE761	34	613	19
NrE762	613	752	15
NrE763	752	427	17
NrE764	427	757	17
NrE765	757	713	2
NrE766	64	324	11
NrE767	324	694	5
NrE768	694	763	20
NrE769	763	332	15
NrE770	332	563	14
NrE771	364	755	6
NrE772	756	555	14
NrE773	555	369	1
NrE774	369	502	10
NrE775	755	756	4
NrE776	457	477	18
NrE777	457	10	15
NrE778	723	727	14
NrE779	727	705	20
NrE780	424	766	21
NrE781	724	766	7
NrE782	766	416	10
NrE783	416	727	9
NrE784	412	424	10
NrE785	424	417	10
NrE786	417	705	10
NrE787	705	610	9
NrE788	610	16	19
NrE789	693	748	11
NrE790	656	337	14
NrE791	342	350	8
NrE792	350	316	12
NrE793	664	759	2
NrE794	563	73	21
NrE795	73	561	13
NrE796	754	454	15
NrE801	733	645	109
NrE802	645	728	18
NrE803	509	215	28
NrE804	215	768	8
NrE805	768	769	6
NrE806	769	236	9
NrE807	236	508	11
NrE808	508	212	4
NrE809	212	232	8
NrE810	232	770	8
NrE811	770	223	11
NrE812	223	771	9
NrE813	771	703	17
NrE814	703	772	20
NrE815	772	260	9
NrE816	260	711	10
NrE817	125	99	35
NrE818	651	734	5
NrE819	527	382	56
NrE820	160	156	25
NrE821	127	483	13
NrE823	159	126	9
NrE824	597	739	27
NrE825	123	197	24
NrE826	661	304	32
NrE827	709	672	18
NrE828	710	758	2
NrE829	553	753	28
NrE830	33	497	26
NrE831	294	773	14
NrE832	773	664	20

ReA.	FROM N.	TO N.	T. COST	DEMAND	S. COST
A68	485	486	12	1	18
A162	86	46	20	1	30
A176	184	485	10	1	15
A226	43	669	11	1	17

ARC	FROM N.	TO N.	T. COST
NrA1	1	2	32
NrA2	2	3	16
NrA3	3	4	17
NrA4	4	5	22
NrA5	5	6	6
NrA6	6	7	13
NrA7	8	9	24
NrA8	10	11	21
NrA9	11	12	23
NrA10	12	13	19
NrA11	13	14	17
NrA12	14	15	17
NrA13	15	16	42
NrA14	55	56	13
NrA15	64	65	30
NrA16	65	66	15
NrA17	66	67	8
NrA18	67	48	16
NrA19	48	68	18
NrA20	73	74	26
NrA21	128	129	14
NrA22	136	137	11
NrA23	137	138	26
NrA24	138	139	22
NrA25	139	140	17
NrA26	140	141	3
NrA27	183	184	12
NrA28	228	229	12
NrA29	229	230	9
NrA30	230	231	16
NrA31	296	297	12
NrA32	297	298	8
NrA33	309	310	26
NrA34	317	229	17
NrA35	229	318	21
NrA36	336	337	19
NrA37	319	338	11
NrA38	340	341	11
NrA39	370	371	3
NrA40	372	373	17
NrA41	5	67	23
NrA42	377	356	5
NrA43	1	387	18
NrA44	387	388	9
NrA45	66	366	11
NrA46	366	6	14
NrA47	396	377	14
NrA48	377	357	8
NrA49	397	398	11
NrA50	398	399	7
NrA51	403	393	9
NrA52	393	404	7
NrA53	404	402	6
NrA54	402	231	13
NrA55	231	405	14
NrA56	405	396	3
NrA57	396	374	33
NrA58	374	406	15
NrA59	406	407	3
NrA60	410	411	15
NrA61	422	420	12
NrA62	420	423	10
NrA63	405	410	13
NrA64	388	421	15
NrA65	424	425	44
NrA66	465	12	16
NrA67	479	480	12
NrA69	486	121	5
NrA70	121	183	5
NrA71	488	489	12
NrA72	489	1	24
NrA73	1	490	14
NrA74	491	492	23
NrA75	317	493	6
NrA76	407	465	13
NrA77	494	5	17
NrA78	495	419	22
NrA79	504	8	5
NrA80	504	505	12
NrA81	505	389	21
NrA82	389	506	17
NrA83	507	504	40
NrA84	507	329	6
NrA85	494	505	23
NrA86	505	329	40
NrA87	519	68	13
NrA88	523	524	14
NrA89	488	491	3
NrA90	525	526	22
NrA91	527	492	21
NrA92	336	528	16
NrA93	529	530	22
NrA94	493	398	9
NrA95	385	379	20
NrA96	379	532	13
NrA97	533	534	16
NrA98	534	378	15
NrA99	378	494	12
NrA100	7	504	7
NrA101	7	8	7
NrA102	8	365	11
NrA103	535	536	8
NrA104	536	525	7
NrA105	525	523	22
NrA106	535	537	8
NrA107	538	536	11
NrA108	493	524	4
NrA109	524	538	26
NrA110	538	539	6
NrA111	410	230	20
NrA112	230	540	19
NrA113	540	541	2
NrA114	318	411	14
NrA115	411	543	5
NrA116	318	544	10
NrA117	543	545	16
NrA118	545	546	2
NrA119	547	548	5
NrA120	548	544	14
NrA121	544	228	24
NrA122	15	544	16
NrA123	548	14	17
NrA124	547	543	7
NrA125	545	549	3
NrA126	550	546	4
NrA127	550	549	4
NrA128	549	547	15
NrA129	546	374	14
NrA130	406	359	16
NrA131	35	433	12
NrA132	433	552	10
NrA133	552	553	15
NrA134	553	426	18
NrA135	426	554	16
NrA136	557	10	4
NrA137	558	559	4
NrA138	561	108	25
NrA139	562	563	31
NrA140	462	564	22
NrA141	568	326	7
NrA142	326	569	10
NrA143	310	575	14
NrA144	570	310	13
NrA145	574	296	11
NrA146	296	326	29
NrA147	577	482	16
NrA148	581	582	12
NrA149	589	590	14
NrA150	590	384	21
NrA151	591	592	17
NrA152	589	360	20
NrA153	588	589	18
NrA154	360	588	25
NrA155	575	595	21
NrA156	93	598	11
NrA157	563	600	10
NrA158	107	603	6
NrA159	603	604	2
NrA160	605	606	5
NrA161	608	609	13
NrA163	618	602	4
NrA164	621	620	26
NrA165	634	635	24
NrA166	636	634	13
NrA167	634	564	13
NrA168	564	637	6
NrA169	637	142	4
NrA170	638	639	5
NrA171	640	636	2
NrA172	518	391	17
NrA173	391	494	20
NrA174	518	385	16
NrA175	506	518	24
NrA177	138	621	11
NrA178	609	56	20
NrA179	399	16	11
NrA180	675	676	1
NrA181	676	677	23
NrA182	677	490	13
NrA183	490	531	12
NrA184	68	675	15
NrA185	530	372	12
NrA186	683	684	27
NrA187	684	594	4
NrA188	594	685	2
NrA189	298	576	11
NrA190	16	688	16
NrA191	688	689	16
NrA192	689	690	10
NrA193	690	581	16
NrA194	581	691	29
NrA195	373	533	18
NrA196	635	461	9
NrA197	365	65	12
NrA198	695	301	1
NrA199	301	696	3
NrA200	650	697	6
NrA201	698	699	3
NrA202	700	300	3
NrA203	300	695	1
NrA204	701	698	4
NrA205	9	673	3
NrA206	702	639	2
NrA207	604	605	5
NrA208	704	380	11
NrA209	710	711	2
NrA210	711	268	7
NrA211	268	712	12
NrA212	712	270	11
NrA213	270	713	12
NrA214	713	714	20
NrA215	714	664	18
NrA216	718	445	1
NrA217	445	687	1
NrA218	687	717	2
NrA219	717	716	2
NrA220	716	718	2
NrA221	697	701	1
NrA222	701	699	2
NrA223	699	700	1
NrA224	56	704	6
NrA225	727	688	28
NrA227	140	597	13
NrA228	741	742	1
NrA229	742	697	4
NrA230	329	507	7
NrA231	3	533	24
NrA232	533	743	27
NrA233	68	3	18
NrA234	700	744	2
NrA235	744	655	1
NrA236	655	741	1
NrA237	742	650	5
NrA238	654	745	3
NrA239	513	745	2
NrA240	513	654	3
NrA241	606	107	5
NrA242	605	513	6
NrA243	745	746	3
NrA244	602	299	10
NrA245	299	604	2
NrA246	743	371	2
NrA247	743	370	2
NrA248	371	496	12
NrA249	496	534	18
NrA250	534	4	23
NrA251	520	749	2
NrA252	691	520	4
NrA253	749	387	9
NrA254	387	373	32
NrA255	691	749	4
NrA256	4	48	21
NrA257	373	2	22
NrA258	2	676	15
NrA259	528	491	9
NrA260	528	489	4
NrA261	696	744	1
NrA262	685	750	2
NrA263	750	392	12
NrA264	751	542	2
NrA265	751	541	2
NrA266	541	317	8
NrA267	523	751	3
NrA268	32	448	14
NrA269	231	364	21
NrA270	755	409	5
NrA271	554	757	20
NrA272	757	267	23
NrA273	267	715	12
NrA274	715	758	8
NrA275	759	554	18
NrA276	759	430	16
NrA277	430	753	18
NrA278	753	455	15
NrA279	455	434	11
NrA280	228	397	4
NrA281	397	493	11
NrA282	747	468	15
NrA283	468	556	10
NrA284	556	557	7
NrA285	557	465	43
NrA286	465	550	17
NrA287	9	762	4
NrA288	762	64	8
NrA289	142	583	10
NrA290	583	736	19
NrA291	736	166	8
NrA292	539	537	4
NrA293	537	582	22
NrA294	582	488	11
NrA295	338	764	9
NrA296	649	765	4
NrA297	764	765	8
NrA298	560	559	4
NrA299	765	558	4
NrA300	558	560	4
NrA301	559	319	15
NrA302	764	649	6
NrA303	725	725	16
NrA304	539	689	15
NrA305	689	722	13
NrA306	722	721	10
NrA307	721	723	7
NrA308	656	531	22
NrA309	531	336	15
NrA310	336	657	12
NrA311	657	527	21
NrA312	527	311	9
NrA313	311	526	10
NrA314	526	586	14
NrA315	586	403	16
NrA316	760	759	4
NrA317	746	606	1
NrA318	492	535	10
NrA319	653	710	3
NrA320	758	653	3
NrA321	434	551	8
NrA322	702	638	5
NrA323	640	702	44
NrA324	141	640	31
NrA325	639	636	44
NrA326	637	141	3
NrA327	673	762	3
NrA328	664	760	4