Name:		lavras07
Optimal value:	4548
#Vehicles:	2
Capacity:	5400
Depot Node:	824
#Nodes:		847
#Edges:		914
#Arcs:		342
#Required N:	25
#Required E:	56
#Required A:	1

ReN.	DEMAND	S. COST
N129	1	20
N643	1	20
N825	1	20
N826	1	20
N827	1	20
N828	1	20
N829	1	20
N830	1	20
N831	1	20
N832	1	20
N833	1	20
N834	1	20
N835	1	20
N836	1	20
N837	1	20
N838	1	20
N839	1	20
N840	1	20
N841	1	20
N842	1	20
N843	1	20
N844	1	20
N845	1	20
N846	1	20
N847	1	20

ReE.	FROM N.	TO N.	T. COST	DEMAND	S. COST
E3	19	20	11	1	17
E5	22	23	11	1	17
E6	23	24	11	1	17
E7	24	25	11	1	17
E11	30	28	37	1	56
E20	20	40	20	1	30
E22	42	43	34	1	51
E28	50	51	12	1	18
E37	63	59	21	1	32
E41	71	72	18	1	27
E48	83	84	8	1	12
E51	41	86	11	1	17
E61	57	96	21	1	32
E62	96	23	20	1	30
E63	23	97	13	1	20
E70	104	86	21	1	32
E76	112	84	20	1	30
E83	117	58	16	1	24
E85	118	24	20	1	30
E86	24	119	9	1	14
E99	132	133	24	1	36
E139	189	190	33	1	50
E140	191	192	30	1	45
E141	195	196	33	1	50
E144	203	204	7	1	11
E148	208	209	12	1	18
E155	216	217	30	1	45
E156	218	188	10	1	15
E386	493	202	11	1	17
E388	205	192	11	1	17
E392	195	189	10	1	15
E454	58	59	12	1	18
E457	86	29	11	1	17
E472	21	626	20	1	30
E473	627	44	6	1	9
E486	639	134	11	1	17
E503	213	219	20	1	30
E543	686	105	8	1	12
E563	683	604	22	1	33
E585	640	682	26	1	39
E596	725	726	7	1	11
E597	727	728	8	1	12
E618	723	753	36	1	54
E621	732	755	22	1	33
E652	101	85	21	1	32
E654	45	19	20	1	30
E659	28	777	6	1	9
E688	783	604	10	1	15
E706	39	626	11	1	17
E757	495	218	33	1	50
E764	759	757	27	1	41
E769	761	799	12	1	18
E770	754	755	12	1	18
E771	763	800	26	1	39
E840	818	95	3	1	5
E843	777	818	3	1	5

EDGE	FROM N.	TO N.	T. COST
NrE1	17	18	11
NrE2	18	19	11
NrE4	21	22	11
NrE8	25	26	11
NrE9	27	17	14
NrE10	28	29	21
NrE12	31	32	15
NrE13	32	33	15
NrE14	33	34	28
NrE15	34	35	21
NrE16	36	37	28
NrE17	37	38	18
NrE18	38	31	77
NrE19	39	20	20
NrE21	41	42	21
NrE23	44	45	12
NrE24	45	40	11
NrE25	40	46	11
NrE26	46	47	12
NrE27	48	49	34
NrE29	52	53	11
NrE30	53	54	13
NrE31	29	57	11
NrE32	57	58	12
NrE33	59	60	7
NrE34	60	61	13
NrE35	61	62	8
NrE36	25	63	21
NrE38	69	51	15
NrE39	51	70	11
NrE40	70	71	10
NrE42	75	76	7
NrE43	76	77	12
NrE44	77	78	11
NrE45	78	79	11
NrE46	50	81	21
NrE47	82	80	11
NrE49	84	85	11
NrE50	85	41	11
NrE52	87	88	7
NrE53	88	89	12
NrE54	89	90	11
NrE55	90	91	11
NrE56	92	77	20
NrE57	77	89	21
NrE58	89	93	21
NrE59	94	95	30
NrE60	95	57	21
NrE64	98	94	2
NrE65	99	76	20
NrE66	76	88	20
NrE67	88	100	21
NrE68	101	102	31
NrE69	103	104	41
NrE71	105	103	2
NrE72	106	107	11
NrE73	108	109	13
NrE74	109	110	7
NrE75	111	112	27
NrE77	84	44	20
NrE78	113	75	20
NrE79	75	87	21
NrE80	87	114	21
NrE81	115	116	19
NrE82	116	117	4
NrE84	58	118	21
NrE87	120	115	7
NrE88	121	122	11
NrE89	122	123	12
NrE90	112	101	11
NrE91	115	62	18
NrE92	62	80	12
NrE93	80	69	14
NrE94	69	54	25
NrE95	54	124	12
NrE96	27	126	21
NrE97	129	130	28
NrE98	130	131	7
NrE100	134	135	25
NrE101	144	145	17
NrE102	145	146	13
NrE103	146	147	18
NrE104	146	148	21
NrE105	145	149	41
NrE106	150	142	4
NrE107	151	152	9
NrE108	152	153	10
NrE109	153	154	34
NrE110	155	156	15
NrE111	156	157	18
NrE112	158	159	15
NrE113	159	160	16
NrE114	160	161	16
NrE115	156	162	3
NrE116	162	158	5
NrE117	158	163	10
NrE118	163	164	11
NrE119	165	149	18
NrE120	149	166	18
NrE121	166	148	5
NrE122	148	147	23
NrE123	167	168	6
NrE124	168	157	11
NrE125	157	169	9
NrE126	155	159	7
NrE127	159	170	10
NrE128	171	172	12
NrE129	173	174	19
NrE130	174	175	18
NrE131	176	173	5
NrE132	177	174	11
NrE133	174	178	10
NrE134	179	180	13
NrE135	180	181	13
NrE136	182	183	12
NrE137	183	184	14
NrE138	184	185	14
NrE142	196	197	6
NrE143	200	201	19
NrE145	204	205	30
NrE146	206	207	12
NrE147	207	208	12
NrE149	207	210	28
NrE150	210	211	27
NrE151	122	207	24
NrE152	210	212	12
NrE153	197	215	10
NrE154	215	216	10
NrE157	188	190	10
NrE158	190	214	3
NrE159	214	196	8
NrE160	219	201	10
NrE161	201	204	10
NrE162	204	191	11
NrE163	191	217	10
NrE164	217	198	10
NrE165	221	211	14
NrE166	211	222	13
NrE167	223	224	7
NrE168	224	225	11
NrE169	225	226	11
NrE170	226	227	12
NrE171	228	229	11
NrE172	229	230	11
NrE173	230	231	19
NrE174	232	233	21
NrE175	233	226	19
NrE176	226	234	14
NrE177	234	235	13
NrE178	240	232	12
NrE179	232	241	11
NrE180	241	242	11
NrE181	242	243	11
NrE182	244	245	8
NrE183	245	233	11
NrE184	233	246	12
NrE185	246	247	11
NrE186	247	248	6
NrE187	249	250	21
NrE188	250	251	20
NrE189	252	253	11
NrE190	253	254	11
NrE191	254	255	21
NrE192	255	249	16
NrE193	256	257	21
NrE194	257	258	20
NrE195	258	259	16
NrE196	260	261	14
NrE197	261	262	14
NrE198	262	263	18
NrE199	263	256	34
NrE200	264	265	21
NrE201	265	266	20
NrE202	266	267	15
NrE203	268	269	11
NrE204	269	270	13
NrE205	270	271	14
NrE206	271	272	20
NrE207	272	264	25
NrE208	273	274	19
NrE209	274	275	16
NrE210	276	260	2
NrE211	260	269	14
NrE212	269	252	28
NrE213	252	230	19
NrE214	230	241	18
NrE215	241	246	21
NrE216	246	227	19
NrE217	278	262	17
NrE218	262	271	14
NrE219	271	254	13
NrE220	254	228	20
NrE221	228	243	17
NrE222	243	279	14
NrE223	279	248	7
NrE224	280	281	18
NrE225	282	283	12
NrE226	286	287	17
NrE227	288	289	17
NrE228	290	291	20
NrE229	292	293	12
NrE230	293	294	6
NrE231	294	295	12
NrE232	296	256	11
NrE233	256	264	11
NrE234	264	249	11
NrE235	297	298	11
NrE236	298	281	3
NrE237	281	282	2
NrE238	282	287	11
NrE239	287	294	12
NrE240	299	300	17
NrE241	300	301	20
NrE242	301	296	21
NrE243	296	302	7
NrE244	301	257	11
NrE245	257	265	11
NrE246	265	250	11
NrE247	250	290	11
NrE248	290	303	11
NrE249	297	280	28
NrE250	280	286	13
NrE251	286	292	11
NrE252	292	307	30
NrE253	312	313	18
NrE254	313	38	8
NrE255	314	315	34
NrE256	67	316	24
NrE257	320	321	17
NrE258	321	322	13
NrE259	322	323	13
NrE260	323	324	12
NrE261	327	328	17
NrE262	330	315	7
NrE263	315	331	13
NrE264	332	320	28
NrE265	333	334	13
NrE266	335	336	15
NrE267	338	339	20
NrE268	340	341	4
NrE269	341	342	20
NrE270	342	321	21
NrE271	321	343	13
NrE272	330	339	12
NrE273	339	347	14
NrE274	350	351	7
NrE275	351	352	21
NrE276	352	314	13
NrE277	353	354	21
NrE278	354	323	21
NrE279	323	355	12
NrE280	355	356	30
NrE281	343	316	2
NrE282	316	357	11
NrE283	357	355	12
NrE284	355	358	12
NrE285	358	359	10
NrE286	359	360	21
NrE287	360	361	12
NrE288	362	363	8
NrE289	363	364	2
NrE290	364	365	5
NrE291	365	366	18
NrE292	366	367	5
NrE293	368	369	8
NrE294	369	370	16
NrE295	370	371	15
NrE296	371	372	15
NrE297	372	362	13
NrE298	373	374	17
NrE299	375	376	2
NrE300	377	375	21
NrE301	382	366	10
NrE302	383	384	17
NrE303	388	389	11
NrE304	390	391	11
NrE305	391	392	12
NrE306	363	376	34
NrE307	376	394	1
NrE308	397	398	14
NrE309	398	399	10
NrE310	400	368	22
NrE311	401	370	30
NrE312	370	383	12
NrE313	383	402	11
NrE314	402	403	5
NrE315	342	408	12
NrE316	408	354	13
NrE317	354	55	13
NrE318	409	384	7
NrE319	384	371	14
NrE320	371	410	26
NrE321	416	409	12
NrE322	409	417	17
NrE323	420	421	53
NrE324	421	422	5
NrE325	422	423	12
NrE326	424	425	20
NrE327	426	427	12
NrE328	428	429	18
NrE329	434	435	20
NrE330	435	274	21
NrE331	274	436	17
NrE332	437	438	16
NrE333	438	434	23
NrE334	328	439	4
NrE335	440	441	29
NrE336	442	440	6
NrE337	443	444	59
NrE338	444	445	13
NrE339	446	447	15
NrE340	448	449	15
NrE341	450	451	12
NrE342	451	452	5
NrE343	439	453	13
NrE344	454	455	20
NrE345	455	446	11
NrE346	449	456	12
NrE347	457	444	11
NrE348	444	458	10
NrE349	458	449	14
NrE350	455	459	14
NrE351	459	460	15
NrE352	460	437	16
NrE353	437	461	16
NrE354	462	447	4
NrE355	447	459	11
NrE356	459	463	20
NrE357	464	465	16
NrE358	467	468	5
NrE359	468	469	8
NrE360	469	470	8
NrE361	471	13	24
NrE362	474	475	16
NrE363	475	476	18
NrE364	477	478	11
NrE365	479	480	14
NrE366	480	481	11
NrE367	482	483	14
NrE368	483	484	7
NrE369	11	485	14
NrE370	485	472	7
NrE371	472	486	5
NrE372	162	168	20
NrE373	168	484	19
NrE374	484	481	29
NrE375	477	489	17
NrE376	489	466	12
NrE377	466	490	15
NrE378	284	283	3
NrE379	283	295	21
NrE380	295	492	10
NrE381	492	289	1
NrE382	125	284	19
NrE383	494	208	20
NrE384	208	212	30
NrE385	212	222	32
NrE387	202	205	10
NrE389	192	216	9
NrE390	216	199	10
NrE391	194	195	10
NrE393	189	187	10
NrE394	187	495	10
NrE395	431	503	11
NrE396	503	380	12
NrE397	505	416	3
NrE398	506	34	9
NrE399	394	507	5
NrE400	507	35	7
NrE401	403	508	4
NrE402	508	509	11
NrE403	509	32	11
NrE404	510	506	4
NrE405	450	511	35
NrE406	517	518	20
NrE407	518	235	23
NrE408	245	225	20
NrE409	293	288	11
NrE410	288	520	11
NrE411	520	521	12
NrE412	289	285	10
NrE413	285	522	2
NrE414	522	519	10
NrE415	519	523	4
NrE416	520	522	18
NrE417	524	267	35
NrE418	267	259	11
NrE419	259	299	12
NrE420	299	525	6
NrE421	431	396	14
NrE422	396	528	11
NrE423	429	529	8
NrE424	529	530	6
NrE425	530	423	12
NrE426	418	326	6
NrE427	548	550	2
NrE428	15	433	50
NrE429	35	559	39
NrE430	569	570	7
NrE431	144	140	7
NrE432	574	575	13
NrE433	575	576	13
NrE434	74	574	16
NrE435	579	580	12
NrE436	580	581	11
NrE437	581	582	23
NrE438	579	583	40
NrE439	577	347	19
NrE440	583	585	20
NrE441	490	475	19
NrE442	475	465	16
NrE443	511	478	34
NrE444	478	586	49
NrE445	107	587	27
NrE446	587	588	34
NrE447	540	589	5
NrE448	172	592	12
NrE449	593	587	11
NrE450	594	595	17
NrE451	391	596	21
NrE452	596	594	24
NrE453	597	411	15
NrE455	59	50	11
NrE456	102	43	14
NrE458	509	602	33
NrE459	604	605	17
NrE460	606	607	12
NrE461	345	335	23
NrE462	335	603	20
NrE463	609	610	14
NrE464	610	611	20
NrE465	611	612	8
NrE466	612	613	12
NrE467	614	609	16
NrE468	616	609	15
NrE469	448	436	13
NrE470	436	445	7
NrE471	46	21	20
NrE474	560	628	21
NrE475	463	560	31
NrE476	559	454	2
NrE477	629	630	14
NrE478	631	106	9
NrE479	106	632	13
NrE480	632	593	13
NrE481	633	631	5
NrE482	74	634	12
NrE483	634	108	11
NrE484	137	635	11
NrE485	137	639	12
NrE487	134	640	12
NrE488	136	641	12
NrE489	127	644	17
NrE490	641	640	29
NrE491	634	645	11
NrE492	647	648	19
NrE493	402	657	14
NrE494	657	400	14
NrE495	369	657	21
NrE496	658	305	26
NrE497	642	644	4
NrE498	644	131	6
NrE499	131	659	13
NrE500	154	660	6
NrE501	661	154	8
NrE502	663	664	13
NrE504	219	209	11
NrE505	164	660	5
NrE506	660	487	14
NrE507	666	613	46
NrE508	613	646	3
NrE509	646	667	23
NrE510	666	633	26
NrE511	314	668	18
NrE512	206	221	49
NrE513	221	277	11
NrE514	277	457	56
NrE515	457	669	12
NrE516	670	523	15
NrE517	523	629	32
NrE518	629	630	9
NrE519	630	123	36
NrE520	347	336	19
NrE521	336	672	22
NrE522	390	579	29
NrE523	674	675	12
NrE524	675	580	34
NrE525	580	391	30
NrE526	676	677	14
NrE527	677	674	10
NrE528	674	583	11
NrE529	312	678	11
NrE530	678	581	11
NrE531	581	679	11
NrE532	679	649	12
NrE533	649	392	7
NrE534	303	681	20
NrE535	681	524	10
NrE536	126	128	16
NrE537	682	135	12
NrE538	135	683	11
NrE539	683	138	12
NrE540	100	684	20
NrE541	100	93	12
NrE542	685	686	6
NrE544	105	30	14
NrE545	30	98	13
NrE546	98	120	11
NrE547	120	82	32
NrE548	82	687	40
NrE549	574	181	18
NrE550	181	664	13
NrE551	491	110	4
NrE552	110	688	5
NrE553	688	574	26
NrE554	690	185	26
NrE555	185	571	23
NrE556	571	74	19
NrE557	356	527	19
NrE558	357	322	13
NrE559	322	408	21
NrE560	408	608	21
NrE561	641	639	11
NrE562	639	683	26
NrE564	52	694	11
NrE565	694	113	7
NrE566	113	99	7
NrE567	99	92	11
NrE568	92	695	11
NrE569	695	696	11
NrE570	128	17	21
NrE571	128	697	12
NrE572	349	360	13
NrE573	360	352	11
NrE574	352	668	18
NrE575	331	338	13
NrE576	338	577	14
NrE577	701	677	20
NrE578	114	100	7
NrE579	486	464	16
NrE580	464	474	16
NrE581	177	647	8
NrE582	647	707	9
NrE583	423	426	29
NrE584	426	708	14
NrE586	70	53	31
NrE587	436	458	14
NrE588	458	443	66
NrE589	443	221	16
NrE590	625	615	4
NrE591	615	610	17
NrE592	388	348	21
NrE593	493	209	19
NrE594	721	722	12
NrE595	722	723	11
NrE598	730	731	12
NrE599	731	732	12
NrE600	732	733	12
NrE601	178	734	17
NrE602	734	161	5
NrE603	161	735	16
NrE604	31	456	33
NrE605	182	179	23
NrE606	179	576	16
NrE607	576	186	18
NrE608	736	182	24
NrE609	186	737	11
NrE610	562	742	3
NrE611	743	276	3
NrE612	744	662	15
NrE613	662	452	25
NrE614	745	511	14
NrE615	747	152	8
NrE616	748	747	8
NrE617	751	752	33
NrE619	753	731	11
NrE620	731	754	22
NrE622	755	756	16
NrE623	199	722	12
NrE624	756	757	12
NrE625	757	758	12
NrE626	759	760	12
NrE627	760	761	33
NrE628	762	763	11
NrE629	729	764	12
NrE630	764	765	29
NrE631	765	766	24
NrE632	766	767	12
NrE633	767	768	10
NrE634	218	768	10
NrE635	768	769	24
NrE636	767	770	24
NrE637	770	765	12
NrE638	769	770	12
NrE639	471	771	4
NrE640	224	772	13
NrE641	772	518	14
NrE642	234	772	23
NrE643	596	599	15
NrE644	664	184	10
NrE645	184	329	26
NrE646	487	482	20
NrE647	482	479	28
NrE648	487	774	9
NrE649	585	713	30
NrE650	585	775	10
NrE651	775	701	10
NrE653	85	45	20
NrE655	19	776	21
NrE656	101	42	12
NrE657	42	104	11
NrE658	104	28	11
NrE660	124	694	23
NrE661	695	78	20
NrE662	78	90	20
NrE663	90	606	21
NrE664	654	778	16
NrE665	778	684	35
NrE666	167	483	19
NrE667	483	480	28
NrE668	779	707	5
NrE669	707	175	9
NrE670	175	734	12
NrE671	734	780	9
NrE672	151	470	9
NrE673	780	151	16
NrE674	781	171	17
NrE675	171	780	17
NrE676	780	748	9
NrE677	748	782	11
NrE678	782	170	15
NrE679	170	163	15
NrE680	163	488	16
NrE681	488	167	2
NrE682	735	160	6
NrE683	153	467	9
NrE684	160	782	10
NrE685	782	153	15
NrE686	648	779	18
NrE687	127	682	11
NrE689	604	139	12
NrE690	570	785	7
NrE691	117	60	15
NrE692	47	96	11
NrE693	96	118	11
NrE694	118	63	12
NrE695	63	81	11
NrE696	81	71	12
NrE697	71	52	27
NrE698	696	79	19
NrE699	79	91	20
NrE700	91	607	21
NrE701	44	18	20
NrE702	18	697	21
NrE703	697	776	11
NrE704	776	659	4
NrE705	659	39	9
NrE707	626	786	12
NrE708	697	127	9
NrE709	47	22	20
NrE710	129	643	4
NrE711	643	133	13
NrE712	133	787	11
NrE713	787	656	11
NrE714	687	124	8
NrE715	736	788	12
NrE716	788	329	13
NrE717	329	690	13
NrE718	183	663	11
NrE719	663	180	12
NrE720	180	575	16
NrE721	575	737	20
NrE722	788	183	25
NrE723	645	109	16
NrE724	357	49	3
NrE725	49	527	40
NrE726	341	608	12
NrE727	608	353	13
NrE728	353	600	12
NrE729	600	622	1
NrE730	311	333	51
NrE731	348	310	34
NrE732	310	311	3
NrE733	658	710	55
NrE734	333	658	5
NrE735	389	349	21
NrE736	349	361	17
NrE737	361	331	46
NrE738	389	359	12
NrE739	324	389	13
NrE740	586	795	7
NrE741	540	378	11
NrE742	589	537	6
NrE743	537	796	9
NrE744	796	427	13
NrE745	427	430	13
NrE746	430	530	17
NrE747	324	55	21
NrE748	55	622	20
NrE749	622	601	11
NrE750	601	569	17
NrE751	577	578	9
NrE752	578	584	5
NrE753	347	603	14
NrE754	603	317	15
NrE755	317	390	14
NrE756	625	612	16
NrE758	753	764	23
NrE759	721	724	13
NrE760	724	725	12
NrE761	725	727	12
NrE762	727	733	11
NrE763	733	759	12
NrE765	758	798	15
NrE766	798	760	12
NrE767	799	762	8
NrE768	800	798	14
NrE772	123	588	35
NrE773	588	36	16
NrE774	676	313	42
NrE775	313	582	23
NrE776	582	698	12
NrE777	775	674	20
NrE778	679	698	28
NrE779	550	411	23
NrE780	741	263	26
NrE781	263	272	15
NrE782	272	255	14
NrE783	273	803	16
NrE784	803	561	20
NrE785	804	460	18
NrE786	460	805	13
NrE787	417	807	2
NrE788	740	261	9
NrE789	261	270	14
NrE790	270	253	21
NrE791	253	229	20
NrE792	229	242	18
NrE793	242	247	21
NrE794	275	740	3
NrE795	811	461	10
NrE796	812	525	17
NrE797	812	300	7
NrE798	300	258	12
NrE799	258	266	11
NrE800	266	251	11
NrE801	251	291	11
NrE802	291	681	12
NrE803	34	628	19
NrE804	628	803	15
NrE805	803	435	17
NrE806	435	808	17
NrE807	808	741	2
NrE808	64	332	11
NrE809	332	709	5
NrE810	709	814	20
NrE811	814	340	15
NrE812	340	572	14
NrE813	372	806	6
NrE814	807	563	14
NrE815	563	377	1
NrE816	377	510	10
NrE817	806	807	4
NrE818	465	485	18
NrE819	465	10	15
NrE820	751	773	14
NrE821	773	720	20
NrE822	432	817	21
NrE823	752	817	7
NrE824	817	424	10
NrE825	424	773	9
NrE826	420	432	10
NrE827	432	425	10
NrE828	425	720	10
NrE829	720	624	9
NrE830	624	16	19
NrE831	708	796	11
NrE832	672	345	14
NrE833	350	358	8
NrE834	358	324	12
NrE835	785	144	1
NrE836	680	810	2
NrE837	572	73	21
NrE838	73	569	13
NrE839	805	462	15
NrE841	95	116	12
NrE842	116	61	11
NrE844	778	661	109
NrE845	661	774	18
NrE846	517	223	28
NrE847	223	819	8
NrE848	819	820	6
NrE849	820	244	9
NrE850	244	516	11
NrE851	516	220	4
NrE852	220	240	8
NrE853	240	821	8
NrE854	821	231	11
NrE855	231	822	9
NrE856	822	718	17
NrE857	718	823	20
NrE858	823	268	9
NrE859	268	739	10
NrE860	124	99	35
NrE861	667	779	5
NrE862	535	390	56
NrE863	170	164	25
NrE864	126	491	13
NrE865	212	213	11
NrE866	169	125	9
NrE867	605	787	27
NrE868	123	206	24
NrE869	677	312	32
NrE870	737	688	18
NrE871	738	809	2
NrE872	561	804	28
NrE873	33	505	26
NrE874	302	824	14
NrE875	824	680	20
NrE876	198	825	4
NrE877	825	199	26
NrE878	199	826	9
NrE879	201	827	5
NrE880	827	202	26
NrE881	213	828	7
NrE882	828	200	4
NrE883	187	830	28
NrE884	830	188	6
NrE885	214	831	6
NrE886	831	197	4
NrE887	194	832	17
NrE888	832	215	23
NrE889	833	47	12
NrE890	29	834	4
NrE891	834	833	6
NrE892	111	835	6
NrE893	835	102	7
NrE894	20	836	6
NrE895	836	21	6
NrE896	81	837	17
NrE897	837	26	4
NrE898	22	838	14
NrE899	838	786	6
NrE900	40	839	11
NrE901	839	41	10
NrE902	80	840	13
NrE903	840	50	9
NrE904	762	841	4
NrE905	841	800	12
NrE906	733	842	5
NrE907	722	843	16
NrE908	843	732	31
NrE909	729	844	6
NrE910	844	730	6
NrE911	786	846	7
NrE912	846	129	7
NrE913	682	847	5
NrE914	847	642	9

ReA.	FROM N.	TO N.	T. COST	DEMAND	S. COST
A166	86	46	20	1	30

ARC	FROM N.	TO N.	T. COST
NrA1	1	2	32
NrA2	2	3	16
NrA3	3	4	17
NrA4	4	5	22
NrA5	5	6	6
NrA6	6	7	13
NrA7	8	9	24
NrA8	10	11	21
NrA9	11	12	23
NrA10	12	13	19
NrA11	13	14	17
NrA12	14	15	17
NrA13	15	16	42
NrA14	55	56	13
NrA15	64	65	30
NrA16	65	66	15
NrA17	66	67	8
NrA18	67	48	16
NrA19	48	68	18
NrA20	73	74	26
NrA21	127	128	14
NrA22	136	137	11
NrA23	137	138	26
NrA24	138	139	22
NrA25	140	141	6
NrA26	141	136	8
NrA27	139	142	17
NrA28	142	143	3
NrA29	236	237	12
NrA30	237	238	9
NrA31	238	239	16
NrA32	304	305	12
NrA33	305	306	8
NrA34	317	318	26
NrA35	325	237	17
NrA36	237	326	21
NrA37	344	345	19
NrA38	327	346	11
NrA39	348	349	11
NrA40	378	379	3
NrA41	380	381	17
NrA42	5	67	23
NrA43	385	364	5
NrA44	1	395	18
NrA45	395	396	9
NrA46	66	374	11
NrA47	374	6	14
NrA48	404	385	14
NrA49	385	365	8
NrA50	405	406	11
NrA51	406	407	7
NrA52	411	401	9
NrA53	401	412	7
NrA54	412	410	6
NrA55	410	239	13
NrA56	239	413	14
NrA57	413	404	3
NrA58	404	382	33
NrA59	382	414	15
NrA60	414	415	3
NrA61	418	419	15
NrA62	430	428	12
NrA63	428	431	10
NrA64	413	418	13
NrA65	396	429	15
NrA66	432	433	44
NrA67	473	12	16
NrA68	487	488	12
NrA69	493	494	12
NrA70	494	121	5
NrA71	121	193	5
NrA72	496	497	12
NrA73	497	1	24
NrA74	1	498	14
NrA75	499	500	23
NrA76	325	501	6
NrA77	415	473	13
NrA78	502	5	17
NrA79	503	427	22
NrA80	512	8	5
NrA81	512	513	12
NrA82	513	397	21
NrA83	397	514	17
NrA84	515	512	40
NrA85	515	337	6
NrA86	502	513	23
NrA87	513	337	40
NrA88	527	68	13
NrA89	531	532	14
NrA90	496	499	3
NrA91	533	534	22
NrA92	535	500	21
NrA93	344	536	16
NrA94	537	538	22
NrA95	501	406	9
NrA96	393	387	20
NrA97	387	540	13
NrA98	541	542	16
NrA99	542	386	15
NrA100	386	502	12
NrA101	7	512	7
NrA102	7	8	7
NrA103	8	373	11
NrA104	543	544	8
NrA105	544	533	7
NrA106	533	531	22
NrA107	543	545	8
NrA108	546	544	11
NrA109	501	532	4
NrA110	532	546	26
NrA111	546	547	6
NrA112	418	238	20
NrA113	238	548	19
NrA114	548	549	2
NrA115	326	419	14
NrA116	419	551	5
NrA117	326	552	10
NrA118	551	553	16
NrA119	553	554	2
NrA120	555	556	5
NrA121	556	552	14
NrA122	552	236	24
NrA123	15	552	16
NrA124	556	14	17
NrA125	555	551	7
NrA126	553	557	3
NrA127	558	554	4
NrA128	558	557	4
NrA129	557	555	15
NrA130	554	382	14
NrA131	414	367	16
NrA132	35	441	12
NrA133	441	560	10
NrA134	560	561	15
NrA135	561	434	18
NrA136	434	562	16
NrA137	565	10	4
NrA138	566	567	4
NrA139	569	108	25
NrA140	571	572	31
NrA141	470	573	22
NrA142	577	334	7
NrA143	334	578	10
NrA144	318	584	14
NrA145	579	318	13
NrA146	583	304	11
NrA147	304	334	29
NrA148	586	490	16
NrA149	590	591	12
NrA150	598	599	14
NrA151	599	392	21
NrA152	600	601	17
NrA153	598	368	20
NrA154	597	598	18
NrA155	368	597	25
NrA156	584	603	21
NrA157	93	606	11
NrA158	572	608	10
NrA159	615	616	14
NrA160	616	617	8
NrA161	107	618	6
NrA162	618	619	2
NrA163	620	621	5
NrA164	622	623	13
NrA165	617	625	23
NrA167	633	614	4
NrA168	635	637	2
NrA169	637	638	2
NrA170	650	651	24
NrA171	652	650	13
NrA172	650	573	13
NrA173	573	653	6
NrA174	653	150	4
NrA175	654	655	5
NrA176	656	652	2
NrA177	526	399	17
NrA178	399	502	20
NrA179	526	393	16
NrA180	514	526	24
NrA181	194	493	10
NrA182	138	636	11
NrA183	623	56	20
NrA184	407	16	11
NrA185	691	692	1
NrA186	692	693	23
NrA187	693	498	13
NrA188	498	539	12
NrA189	68	691	15
NrA190	538	380	12
NrA191	698	699	27
NrA192	699	602	4
NrA193	602	700	2
NrA194	306	585	11
NrA195	16	703	16
NrA196	703	704	16
NrA197	704	705	10
NrA198	705	590	16
NrA199	590	706	29
NrA200	381	541	18
NrA201	651	469	9
NrA202	373	65	12
NrA203	710	309	1
NrA204	309	711	3
NrA205	666	712	6
NrA206	713	714	3
NrA207	715	308	3
NrA208	308	710	1
NrA209	716	713	4
NrA210	9	689	3
NrA211	717	655	2
NrA212	619	620	5
NrA213	719	388	11
NrA214	738	739	2
NrA215	739	276	7
NrA216	276	740	12
NrA217	740	278	11
NrA218	278	741	12
NrA219	741	742	20
NrA220	742	680	18
NrA221	746	453	1
NrA222	453	702	1
NrA223	702	745	2
NrA224	745	744	2
NrA225	744	746	2
NrA226	712	716	1
NrA227	716	714	2
NrA228	714	715	1
NrA229	56	719	6
NrA230	773	703	28
NrA231	43	685	11
NrA232	142	605	13
NrA233	784	141	3
NrA234	789	790	1
NrA235	790	712	4
NrA236	337	515	7
NrA237	3	541	24
NrA238	541	791	27
NrA239	68	3	18
NrA240	715	792	2
NrA241	792	671	1
NrA242	671	789	1
NrA243	790	666	5
NrA244	670	793	3
NrA245	521	793	2
NrA246	521	670	3
NrA247	621	107	5
NrA248	620	521	6
NrA249	793	794	3
NrA250	614	307	10
NrA251	307	619	2
NrA252	791	379	2
NrA253	791	378	2
NrA254	379	504	12
NrA255	504	542	18
NrA256	542	4	23
NrA257	528	797	2
NrA258	706	528	4
NrA259	797	395	9
NrA260	395	381	32
NrA261	706	797	4
NrA262	4	48	21
NrA263	381	2	22
NrA264	2	692	15
NrA265	536	499	9
NrA266	536	497	4
NrA267	711	792	1
NrA268	700	801	2
NrA269	801	400	12
NrA270	802	550	2
NrA271	802	549	2
NrA272	549	325	8
NrA273	531	802	3
NrA274	32	456	14
NrA275	239	372	21
NrA276	806	417	5
NrA277	562	808	20
NrA278	808	275	23
NrA279	275	743	12
NrA280	743	809	8
NrA281	810	562	18
NrA282	810	438	16
NrA283	438	804	18
NrA284	804	463	15
NrA285	463	442	11
NrA286	236	405	4
NrA287	405	501	11
NrA288	795	476	15
NrA289	476	564	10
NrA290	564	565	7
NrA291	565	473	43
NrA292	473	558	17
NrA293	9	813	4
NrA294	813	64	8
NrA295	150	592	10
NrA296	592	781	19
NrA297	781	176	8
NrA298	176	165	13
NrA299	165	638	25
NrA300	638	784	21
NrA301	784	140	6
NrA302	547	545	4
NrA303	545	591	22
NrA304	591	496	11
NrA305	346	815	9
NrA306	665	816	4
NrA307	815	816	8
NrA308	568	567	4
NrA309	816	566	4
NrA310	566	568	4
NrA311	567	327	15
NrA312	815	665	6
NrA313	771	771	16
NrA314	547	704	15
NrA315	704	750	13
NrA316	750	749	10
NrA317	749	751	7
NrA318	672	539	22
NrA319	539	344	15
NrA320	344	673	12
NrA321	673	535	21
NrA322	535	319	9
NrA323	319	534	10
NrA324	534	595	14
NrA325	595	411	16
NrA326	811	810	4
NrA327	794	621	1
NrA328	500	543	10
NrA329	669	738	3
NrA330	809	669	3
NrA331	442	559	8
NrA332	717	654	5
NrA333	656	717	44
NrA334	143	656	31
NrA335	655	652	44
NrA336	653	143	3
NrA337	689	813	3
NrA338	680	811	4
NrA339	193	829	6
NrA340	829	194	6
NrA341	636	845	5
NrA342	845	635	21