Name:			lavras03
#Vehicles:		1
Capacity:		5400
Depot:			231
#Nodes:			239
#Edges:			304
#Arcs:			57
#Required-N:	8
#Required-E:	11
#Required-A:	0
#Nb-Turns:		1986

----------NODES----------
INDEX	QTY	IS-REQUIRED	X	Y
1	0	0	-1	-1
2	0	0	-1	-1
3	0	0	-1	-1
4	0	0	-1	-1
5	0	0	-1	-1
6	0	0	-1	-1
7	0	0	-1	-1
8	0	0	-1	-1
9	0	0	-1	-1
10	0	0	-1	-1
11	0	0	-1	-1
12	0	0	-1	-1
13	0	0	-1	-1
14	0	0	-1	-1
15	0	0	-1	-1
16	0	0	-1	-1
17	0	0	-1	-1
18	0	0	-1	-1
19	0	0	-1	-1
20	0	0	-1	-1
21	0	0	-1	-1
22	0	0	-1	-1
23	0	0	-1	-1
24	0	0	-1	-1
25	0	0	-1	-1
26	0	0	-1	-1
27	0	0	-1	-1
28	0	0	-1	-1
29	0	0	-1	-1
30	0	0	-1	-1
31	0	0	-1	-1
32	0	0	-1	-1
33	0	0	-1	-1
34	0	0	-1	-1
35	0	0	-1	-1
36	0	0	-1	-1
37	0	0	-1	-1
38	0	0	-1	-1
39	0	0	-1	-1
40	0	0	-1	-1
41	0	0	-1	-1
42	0	0	-1	-1
43	0	0	-1	-1
44	0	0	-1	-1
45	0	0	-1	-1
46	0	0	-1	-1
47	0	0	-1	-1
48	0	0	-1	-1
49	0	0	-1	-1
50	0	0	-1	-1
51	0	0	-1	-1
52	0	0	-1	-1
53	0	0	-1	-1
54	0	0	-1	-1
55	0	0	-1	-1
56	0	0	-1	-1
57	0	0	-1	-1
58	0	0	-1	-1
59	0	0	-1	-1
60	0	0	-1	-1
61	0	0	-1	-1
62	0	0	-1	-1
63	0	0	-1	-1
64	0	0	-1	-1
65	0	0	-1	-1
66	0	0	-1	-1
67	0	0	-1	-1
68	0	0	-1	-1
69	0	0	-1	-1
70	0	0	-1	-1
71	0	0	-1	-1
72	0	0	-1	-1
73	0	0	-1	-1
74	0	0	-1	-1
75	0	0	-1	-1
76	0	0	-1	-1
77	0	0	-1	-1
78	0	0	-1	-1
79	0	0	-1	-1
80	0	0	-1	-1
81	0	0	-1	-1
82	0	0	-1	-1
83	0	0	-1	-1
84	0	0	-1	-1
85	0	0	-1	-1
86	0	0	-1	-1
87	0	0	-1	-1
88	0	0	-1	-1
89	0	0	-1	-1
90	0	0	-1	-1
91	0	0	-1	-1
92	0	0	-1	-1
93	0	0	-1	-1
94	0	0	-1	-1
95	0	0	-1	-1
96	0	0	-1	-1
97	0	0	-1	-1
98	0	0	-1	-1
99	0	0	-1	-1
100	0	0	-1	-1
101	0	0	-1	-1
102	0	0	-1	-1
103	0	0	-1	-1
104	0	0	-1	-1
105	0	0	-1	-1
106	0	0	-1	-1
107	0	0	-1	-1
108	0	0	-1	-1
109	0	0	-1	-1
110	0	0	-1	-1
111	0	0	-1	-1
112	0	0	-1	-1
113	0	0	-1	-1
114	0	0	-1	-1
115	0	0	-1	-1
116	0	0	-1	-1
117	0	0	-1	-1
118	0	0	-1	-1
119	0	0	-1	-1
120	0	0	-1	-1
121	0	0	-1	-1
122	0	0	-1	-1
123	0	0	-1	-1
124	0	0	-1	-1
125	0	0	-1	-1
126	0	0	-1	-1
127	0	0	-1	-1
128	0	0	-1	-1
129	0	0	-1	-1
130	0	0	-1	-1
131	0	0	-1	-1
132	0	0	-1	-1
133	0	0	-1	-1
134	0	0	-1	-1
135	0	0	-1	-1
136	0	0	-1	-1
137	0	0	-1	-1
138	0	0	-1	-1
139	0	0	-1	-1
140	0	0	-1	-1
141	0	0	-1	-1
142	0	0	-1	-1
143	0	0	-1	-1
144	0	0	-1	-1
145	0	0	-1	-1
146	0	0	-1	-1
147	0	0	-1	-1
148	0	0	-1	-1
149	0	0	-1	-1
150	0	0	-1	-1
151	0	0	-1	-1
152	0	0	-1	-1
153	0	0	-1	-1
154	0	0	-1	-1
155	0	0	-1	-1
156	0	0	-1	-1
157	0	0	-1	-1
158	0	0	-1	-1
159	0	0	-1	-1
160	0	0	-1	-1
161	0	0	-1	-1
162	0	0	-1	-1
163	0	0	-1	-1
164	0	0	-1	-1
165	0	0	-1	-1
166	0	0	-1	-1
167	0	0	-1	-1
168	0	0	-1	-1
169	0	0	-1	-1
170	0	0	-1	-1
171	0	0	-1	-1
172	0	0	-1	-1
173	0	0	-1	-1
174	0	0	-1	-1
175	0	0	-1	-1
176	0	0	-1	-1
177	0	0	-1	-1
178	0	0	-1	-1
179	0	0	-1	-1
180	0	0	-1	-1
181	0	0	-1	-1
182	0	0	-1	-1
183	0	0	-1	-1
184	0	0	-1	-1
185	0	0	-1	-1
186	0	0	-1	-1
187	0	0	-1	-1
188	0	0	-1	-1
189	0	0	-1	-1
190	0	0	-1	-1
191	0	0	-1	-1
192	0	0	-1	-1
193	0	0	-1	-1
194	0	0	-1	-1
195	0	0	-1	-1
196	0	0	-1	-1
197	0	0	-1	-1
198	0	0	-1	-1
199	0	0	-1	-1
200	0	0	-1	-1
201	0	0	-1	-1
202	0	0	-1	-1
203	0	0	-1	-1
204	0	0	-1	-1
205	0	0	-1	-1
206	0	0	-1	-1
207	0	0	-1	-1
208	0	0	-1	-1
209	0	0	-1	-1
210	0	0	-1	-1
211	0	0	-1	-1
212	0	0	-1	-1
213	0	0	-1	-1
214	0	0	-1	-1
215	0	0	-1	-1
216	0	0	-1	-1
217	0	0	-1	-1
218	0	0	-1	-1
219	0	0	-1	-1
220	0	0	-1	-1
221	0	0	-1	-1
222	0	0	-1	-1
223	0	0	-1	-1
224	0	0	-1	-1
225	0	0	-1	-1
226	0	0	-1	-1
227	0	0	-1	-1
228	0	0	-1	-1
229	0	0	-1	-1
230	0	0	-1	-1
231	0	0	-1	-1
232	20	1	-1	-1
233	20	1	-1	-1
234	20	1	-1	-1
235	20	1	-1	-1
236	20	1	-1	-1
237	20	1	-1	-1
238	20	1	-1	-1
239	20	1	-1	-1

----------EDGES----------
INDEX-I	INDEX-J	QTY	IS-REQUIRED	TR-COST
1	2	23	0	15
2	3	23	0	15
3	4	42	0	28
4	5	32	0	21
6	7	17	0	11
7	8	18	0	12
10	11	20	0	13
14	15	50	0	33
16	17	50	0	33
18	19	45	0	30
22	23	50	0	33
23	24	9	0	6
25	26	45	0	30
27	28	29	0	19
28	29	45	0	30
30	31	45	0	30
32	33	18	0	12
33	34	18	0	12
34	35	18	0	12
33	36	42	0	28
36	37	41	0	27
7	33	36	0	24
36	38	18	0	12
39	27	15	0	10
40	24	15	0	10
24	41	15	0	10
41	42	15	0	10
42	43	45	0	30
44	15	15	0	10
15	17	15	0	10
17	40	5	0	3
40	23	12	0	8
45	28	15	0	10
28	30	15	0	10
30	18	17	0	11
18	43	15	0	10
43	25	15	0	10
47	37	21	0	14
37	48	20	0	13
49	50	11	0	7
50	51	17	0	11
51	52	17	0	11
52	53	18	0	12
54	55	17	0	11
55	56	17	0	11
56	57	29	0	19
58	59	32	0	21
59	52	29	0	19
52	60	21	0	14
60	61	20	0	13
62	58	18	0	12
58	63	17	0	11
63	64	17	0	11
64	65	17	0	11
66	67	12	0	8
67	59	17	0	11
59	68	18	0	12
68	69	17	0	11
69	70	9	0	6
71	72	32	0	21
72	73	30	0	20
74	75	17	0	11
75	76	17	0	11
76	77	32	0	21
77	71	24	0	16
78	79	32	0	21
79	80	30	0	20
80	81	24	0	16
82	83	21	0	14
83	84	21	0	14
84	85	27	0	18
85	78	51	0	34
86	87	32	0	21
87	88	30	0	20
88	89	23	0	15
90	91	17	0	11
91	92	20	0	13
92	93	21	0	14
93	94	30	0	20
94	86	38	0	25
95	96	29	0	19
96	97	24	0	16
98	82	3	0	2
82	91	21	0	14
91	74	42	0	28
74	56	29	0	19
56	63	27	0	18
63	68	32	0	21
68	53	29	0	19
100	84	26	0	17
84	93	21	0	14
93	76	20	0	13
76	54	30	0	20
54	65	26	0	17
65	101	21	0	14
101	70	11	0	7
102	103	30	0	20
104	78	17	0	11
78	86	17	0	11
86	71	17	0	11
105	106	26	0	17
106	107	30	0	20
107	104	32	0	21
104	108	11	0	7
107	79	17	0	11
79	87	17	0	11
87	72	17	0	11
72	102	17	0	11
102	109	17	0	11
110	111	30	0	20
111	96	32	0	21
96	112	26	0	17
113	114	24	0	16
114	110	35	0	23
115	116	44	0	29
117	115	9	0	6
118	119	89	0	59
119	120	20	0	13
121	122	23	0	15
123	124	23	0	15
125	126	30	0	20
126	121	17	0	11
124	127	18	0	12
128	119	17	0	11
119	129	15	0	10
129	124	21	0	14
126	130	21	0	14
130	131	23	0	15
131	113	24	0	16
113	132	24	0	16
133	122	6	0	4
122	130	17	0	11
130	134	30	0	20
21	41	59	0	39
136	34	30	0	20
34	38	45	0	30
38	48	48	0	32
135	29	17	0	11
29	31	15	0	10
31	19	17	0	11
19	42	14	0	9
42	26	15	0	10
21	22	15	0	10
22	16	15	0	10
16	14	15	0	10
14	137	15	0	10
137	138	6	0	4
140	141	30	0	20
141	61	35	0	23
67	51	30	0	20
142	89	53	0	35
89	81	17	0	11
81	105	18	0	12
105	143	9	0	6
5	144	59	0	39
123	112	20	0	13
112	120	11	0	7
145	148	32	0	21
134	145	47	0	31
144	125	3	0	2
149	150	21	0	14
39	45	30	0	20
45	35	17	0	11
32	47	74	0	49
47	99	17	0	11
99	128	84	0	56
128	151	18	0	12
149	150	14	0	9
150	8	54	0	36
109	153	30	0	20
153	142	15	0	10
112	129	21	0	14
129	118	99	0	66
118	47	24	0	16
154	10	2	0	1
10	155	11	0	7
155	156	2	0	1
156	157	5	0	3
157	154	6	0	4
135	35	29	0	19
13	159	26	0	17
159	160	21	0	14
160	161	20	0	13
161	162	18	0	12
160	164	53	1	35
164	165	20	0	13
166	167	11	0	7
169	170	18	1	12
170	171	18	0	12
162	172	17	0	11
173	174	39	1	26
165	170	41	0	27
1	127	50	0	33
147	180	5	0	3
181	98	5	0	3
167	182	48	1	32
168	182	18	0	12
182	183	17	0	11
44	184	15	0	10
184	185	36	0	24
185	186	15	0	10
194	183	48	1	32
195	196	32	0	21
168	197	69	1	46
171	195	18	0	12
195	199	18	0	12
196	200	17	0	11
50	201	20	0	13
201	141	21	0	14
60	201	35	0	23
13	9	26	0	17
9	12	18	0	12
12	157	14	0	9
171	202	50	1	33
202	203	30	0	20
203	161	51	1	34
204	166	36	0	24
172	204	17	1	11
168	174	18	0	12
174	202	17	0	11
202	165	18	1	12
165	175	18	0	12
175	155	15	0	10
166	173	18	0	12
173	203	18	0	12
203	164	18	0	12
164	163	18	0	12
163	156	15	0	10
137	44	50	0	33
191	189	66	0	44
189	209	3	0	2
179	85	39	0	26
85	94	23	0	15
94	77	21	0	14
95	210	24	0	16
210	146	30	0	20
211	131	27	0	18
131	212	20	0	13
178	83	14	0	9
83	92	21	0	14
92	75	32	0	21
75	55	30	0	20
55	64	27	0	18
64	69	32	0	21
97	178	5	0	3
216	132	15	0	10
217	143	26	0	17
217	106	11	0	7
106	80	18	0	12
80	88	17	0	11
88	73	17	0	11
73	103	17	0	11
103	153	18	0	12
4	148	29	0	19
148	210	23	0	15
210	111	26	0	17
111	213	26	0	17
213	179	3	0	2
206	166	6	0	4
223	200	24	1	16
225	222	2	0	1
222	224	3	0	2
224	220	2	0	1
220	221	3	0	2
221	197	2	0	1
197	199	2	0	1
199	225	2	0	1
152	215	3	0	2
212	133	23	0	15
140	49	42	0	28
49	226	12	0	8
226	227	9	0	6
227	66	14	0	9
66	139	17	0	11
139	46	6	0	4
46	62	12	0	8
62	228	12	0	8
228	57	17	0	11
57	229	14	0	9
229	158	26	0	17
158	230	30	0	20
230	90	14	0	9
90	177	15	0	10
38	39	17	0	11
8	32	36	0	24
176	214	3	0	2
146	211	42	0	28
108	231	21	0	14
231	152	30	0	20
175	232	10	0	7
232	169	21	0	14
159	233	12	0	8
233	234	33	0	22
234	163	14	0	9
174	235	51	0	34
235	195	9	0	6
182	236	15	0	10
236	198	64	0	43
172	237	12	0	8
237	173	22	0	15
11	238	20	0	13
238	169	22	0	15
167	239	21	0	14
239	168	18	0	12

-----------ARCS----------
INDEX-I	INDEX-J	QTY	IS-REQUIRED	TR-COST
20	21	18	0	12
135	136	18	0	12
136	6	8	0	5
6	20	8	0	5
5	116	18	0	12
116	145	15	0	10
145	146	23	0	15
146	110	27	0	18
110	147	24	0	16
21	135	15	0	10
176	177	3	0	2
177	98	11	0	7
98	178	18	0	12
178	100	17	0	11
100	179	18	0	12
179	180	30	0	20
180	152	27	0	18
187	188	3	0	2
188	189	18	0	12
189	190	78	0	52
191	192	9	0	6
192	193	3	0	2
205	206	6	0	4
186	188	3	0	2
188	207	3	0	2
207	205	33	0	22
208	190	3	0	2
190	191	5	0	3
190	192	8	0	5
192	138	33	0	22
2	127	21	0	14
147	213	30	0	20
213	97	35	0	23
97	181	18	0	12
181	214	12	0	8
215	147	27	0	18
215	114	24	0	16
114	211	27	0	18
211	134	23	0	15
134	117	17	0	11
216	215	6	0	4
208	218	53	0	35
193	208	9	0	6
151	176	5	0	3
214	151	5	0	3
206	219	39	0	26
219	187	3	0	2
187	186	3	0	2
220	198	6	0	4
198	221	6	0	4
222	223	6	0	4
223	224	6	0	4
117	144	12	0	8
218	209	29	0	19
209	207	18	0	12
207	219	3	0	2
152	216	6	0	4

----------TURNS----------
INDEX-I	INDEX-J	INDEX-K	COST	TYPE
1	2	1	60	U
1	2	3	0	F
1	2	127	4	R
1	127	1	60	U
1	127	124	0	F
2	1	2	60	U
2	1	127	4	L
2	3	2	60	U
2	3	4	0	F
2	127	1	8	R
2	127	124	0	F
3	2	1	0	F
3	2	3	60	U
3	2	127	4	L
3	4	3	60	U
3	4	5	0	F
3	4	148	4	R
4	3	2	0	F
4	3	4	60	U
4	5	4	60	U
4	5	116	4	R
4	5	144	0	F
4	148	4	60	U
4	148	145	4	L
4	148	210	0	F
5	4	3	0	F
5	4	5	60	U
5	4	148	4	L
5	116	115	4	L
5	116	145	0	F
5	144	5	60	U
5	144	125	0	F
6	7	6	60	U
6	7	8	0	F
6	7	33	4	R
6	20	21	4	L
7	6	7	60	U
7	6	20	4	R
7	8	7	60	U
7	8	32	4	R
7	8	150	4	L
7	33	7	60	U
7	33	32	4	L
7	33	34	4	R
7	33	36	0	F
8	7	6	0	F
8	7	8	60	U
8	7	33	4	L
8	32	8	60	U
8	32	33	4	R
8	32	47	0	F
8	150	8	60	U
8	150	149	0	F
9	12	9	60	U
9	12	157	0	F
9	13	9	60	U
9	13	159	4	R
10	11	10	60	U
10	11	238	4	L
10	154	10	60	U
10	154	157	4	R
10	155	10	60	U
10	155	156	4	L
10	155	175	0	F
11	10	11	60	U
11	10	154	4	L
11	10	155	0	F
11	238	11	60	U
11	238	169	0	F
12	9	12	60	U
12	9	13	0	F
12	157	12	60	U
12	157	154	4	R
12	157	156	4	L
13	9	12	0	F
13	9	13	60	U
13	159	13	60	U
13	159	160	0	F
13	159	233	4	R
14	15	14	60	U
14	15	17	4	L
14	15	44	4	R
14	16	14	60	U
14	16	17	4	R
14	16	22	0	F
14	137	14	60	U
14	137	44	4	L
14	137	138	0	F
15	14	15	60	U
15	14	16	4	R
15	14	137	4	L
15	17	15	60	U
15	17	16	4	L
15	17	40	0	F
15	44	15	60	U
15	44	137	4	R
15	44	184	4	L
16	14	15	4	L
16	14	16	60	U
16	14	137	0	F
16	17	15	4	R
16	17	16	60	U
16	17	40	4	L
16	22	16	60	U
16	22	21	0	F
16	22	23	4	R
17	15	14	4	R
17	15	17	60	U
17	15	44	0	F
17	16	14	4	L
17	16	17	60	U
17	16	22	4	R
17	40	17	60	U
17	40	23	0	F
17	40	24	4	R
18	19	18	60	U
18	19	31	4	R
18	19	42	4	L
18	30	18	60	U
18	30	28	0	F
18	30	31	4	L
18	43	18	60	U
18	43	25	0	F
18	43	42	4	R
19	18	19	60	U
19	18	30	4	L
19	18	43	4	R
19	31	19	60	U
19	31	29	0	F
19	31	30	4	R
19	42	19	60	U
19	42	26	0	F
19	42	41	4	R
19	42	43	4	L
20	21	22	4	R
20	21	41	0	F
20	21	135	4	L
21	22	16	0	F
21	22	21	60	U
21	22	23	4	L
21	41	21	60	U
21	41	24	4	R
21	41	42	4	L
21	135	29	4	R
21	135	35	0	F
21	135	136	4	L
22	16	14	0	F
22	16	17	4	L
22	16	22	60	U
22	21	22	60	U
22	21	41	4	R
22	21	135	0	F
22	23	22	60	U
22	23	24	0	F
22	23	40	4	R
23	22	16	4	L
23	22	21	4	R
23	22	23	60	U
23	24	23	60	U
23	24	40	8	R
23	24	41	4	L
23	40	17	0	F
23	40	23	60	U
23	40	24	4	L
24	23	22	0	F
24	23	24	60	U
24	23	40	4	L
24	40	17	4	L
24	40	23	4	R
24	40	24	60	U
24	41	21	4	L
24	41	24	60	U
24	41	42	0	F
25	26	25	60	U
25	26	42	4	R
25	43	18	0	F
25	43	25	60	U
25	43	42	4	L
26	25	26	60	U
26	25	43	4	L
26	42	19	0	F
26	42	26	60	U
26	42	41	4	L
26	42	43	4	R
27	28	27	60	U
27	28	29	0	F
27	28	30	4	L
27	28	45	4	R
27	39	27	60	U
27	39	38	0	F
27	39	45	4	L
28	27	28	60	U
28	27	39	4	L
28	29	28	60	U
28	29	31	4	L
28	29	135	4	R
28	30	18	0	F
28	30	28	60	U
28	30	31	4	R
28	45	28	60	U
28	45	35	4	L
28	45	39	4	R
29	28	27	0	F
29	28	29	60	U
29	28	30	4	R
29	28	45	4	L
29	31	19	0	F
29	31	29	60	U
29	31	30	4	L
29	135	29	60	U
29	135	35	4	R
29	135	136	0	F
30	18	19	4	R
30	18	30	60	U
30	18	43	0	F
30	28	27	4	R
30	28	29	4	L
30	28	30	60	U
30	28	45	0	F
30	31	19	4	L
30	31	29	4	R
30	31	30	60	U
31	19	18	4	L
31	19	31	60	U
31	19	42	0	F
31	29	28	4	R
31	29	31	60	U
31	29	135	0	F
31	30	18	4	R
31	30	28	4	L
31	30	31	60	U
32	8	7	4	L
32	8	32	60	U
32	8	150	0	F
32	33	7	4	R
32	33	32	60	U
32	33	34	0	F
32	33	36	4	L
32	47	32	60	U
32	47	37	4	R
32	47	99	0	F
32	47	118	4	L
33	7	6	4	L
33	7	8	4	R
33	7	33	60	U
33	32	8	4	L
33	32	33	60	U
33	32	47	4	R
33	34	33	60	U
33	34	35	0	F
33	34	38	4	L
33	34	136	4	R
33	36	33	60	U
33	36	37	0	F
33	36	38	4	R
34	33	7	4	L
34	33	32	0	F
34	33	34	60	U
34	33	36	4	R
34	35	34	60	U
34	35	45	4	L
34	35	135	4	R
34	38	34	60	U
34	38	36	4	L
34	38	39	4	R
34	38	48	0	F
34	136	6	0	F
34	136	34	60	U
35	34	33	0	F
35	34	35	60	U
35	34	38	4	R
35	34	136	4	L
35	45	28	4	R
35	45	35	60	U
35	45	39	0	F
35	135	29	4	L
35	135	35	60	U
35	135	136	4	R
36	33	7	0	F
36	33	32	4	R
36	33	34	4	L
36	33	36	60	U
36	37	36	60	U
36	37	47	4	L
36	37	48	4	R
36	38	34	4	R
36	38	36	60	U
36	38	39	0	F
36	38	48	4	L
37	36	33	0	F
37	36	37	60	U
37	36	38	4	L
37	47	32	4	L
37	47	37	60	U
37	47	99	4	R
37	47	118	4	R
37	48	37	60	U
37	48	38	4	R
38	34	33	4	R
38	34	35	4	L
38	34	38	60	U
38	34	136	0	F
38	36	33	4	L
38	36	37	4	R
38	36	38	60	U
38	39	27	0	F
38	39	38	60	U
38	39	45	4	R
38	48	37	4	L
38	48	38	60	U
39	27	28	4	R
39	27	39	60	U
39	38	34	4	L
39	38	36	0	F
39	38	39	60	U
39	38	48	4	R
39	45	28	4	L
39	45	35	0	F
39	45	39	60	U
40	17	15	0	F
40	17	16	4	R
40	17	40	60	U
40	23	22	4	L
40	23	24	4	R
40	23	40	60	U
40	24	23	8	L
40	24	40	60	U
40	24	41	4	L
41	21	22	4	L
41	21	41	60	U
41	21	135	4	R
41	24	23	4	R
41	24	40	4	R
41	24	41	60	U
41	42	19	4	L
41	42	26	4	R
41	42	41	60	U
41	42	43	0	F
42	19	18	4	R
42	19	31	0	F
42	19	42	60	U
42	26	25	4	L
42	26	42	60	U
42	41	21	4	R
42	41	24	0	F
42	41	42	60	U
42	43	18	4	L
42	43	25	4	R
42	43	42	60	U
43	18	19	4	L
43	18	30	0	F
43	18	43	60	U
43	25	26	4	R
43	25	43	60	U
43	42	19	4	R
43	42	26	4	L
43	42	41	0	F
43	42	43	60	U
44	15	14	4	L
44	15	17	0	F
44	15	44	60	U
44	137	14	4	R
44	137	44	60	U
44	137	138	4	L
44	184	44	60	U
44	184	185	0	F
45	28	27	4	L
45	28	29	4	R
45	28	30	0	F
45	28	45	60	U
45	35	34	4	R
45	35	45	60	U
45	35	135	0	F
45	39	27	4	R
45	39	38	4	L
45	39	45	60	U
46	62	46	60	U
46	62	58	4	R
46	62	228	0	F
46	139	46	60	U
46	139	66	0	F
47	32	8	0	F
47	32	33	4	L
47	32	47	60	U
47	37	36	4	R
47	37	47	60	U
47	37	48	0	F
47	99	47	60	U
47	99	128	0	F
47	118	47	60	U
47	118	119	4	R
47	118	129	4	R
48	37	36	4	L
48	37	47	0	F
48	37	48	60	U
48	38	34	0	F
48	38	36	4	R
48	38	39	4	L
48	38	48	60	U
49	50	49	60	U
49	50	51	0	F
49	50	201	4	R
49	140	49	60	U
49	140	141	4	L
49	226	49	60	U
49	226	227	0	F
50	49	50	60	U
50	49	140	4	L
50	49	226	4	R
50	51	50	60	U
50	51	52	0	F
50	51	67	4	L
50	201	50	60	U
50	201	60	4	L
50	201	141	0	F
51	50	49	0	F
51	50	51	60	U
51	50	201	4	L
51	52	51	60	U
51	52	53	0	F
51	52	59	4	L
51	52	60	4	R
51	67	51	60	U
51	67	59	4	R
51	67	66	4	L
52	51	50	0	F
52	51	52	60	U
52	51	67	4	R
52	53	52	60	U
52	53	68	4	L
52	59	52	60	U
52	59	58	0	F
52	59	67	4	L
52	59	68	4	R
52	60	52	60	U
52	60	61	0	F
52	60	201	4	R
53	52	51	0	F
53	52	53	60	U
53	52	59	4	R
53	52	60	4	L
53	68	53	60	U
53	68	59	4	L
53	68	63	0	F
53	68	69	4	R
54	55	54	60	U
54	55	56	0	F
54	55	64	4	L
54	55	75	4	R
54	65	54	60	U
54	65	64	4	R
54	65	101	0	F
54	76	54	60	U
54	76	75	4	L
54	76	77	4	R
54	76	93	0	F
55	54	55	60	U
55	54	65	4	R
55	54	76	4	L
55	56	55	60	U
55	56	57	0	F
55	56	63	4	L
55	56	74	4	R
55	64	55	60	U
55	64	63	4	R
55	64	65	4	L
55	64	69	0	F
55	75	55	60	U
55	75	74	4	L
55	75	76	4	R
55	75	92	0	F
56	55	54	0	F
56	55	56	60	U
56	55	64	4	R
56	55	75	4	L
56	57	56	60	U
56	57	228	4	L
56	57	229	4	R
56	63	56	60	U
56	63	58	4	R
56	63	64	4	L
56	63	68	0	F
56	74	56	60	U
56	74	75	4	R
56	74	91	0	F
57	56	55	0	F
57	56	57	60	U
57	56	63	4	R
57	56	74	4	L
57	228	57	60	U
57	228	62	0	F
57	229	57	60	U
57	229	158	0	F
58	59	52	0	F
58	59	58	60	U
58	59	67	4	R
58	59	68	4	L
58	62	46	4	L
58	62	58	60	U
58	62	228	4	R
58	63	56	4	L
58	63	58	60	U
58	63	64	0	F
58	63	68	4	R
59	52	51	4	R
59	52	53	4	L
59	52	59	60	U
59	52	60	0	F
59	58	59	60	U
59	58	62	4	L
59	58	63	4	R
59	67	51	4	L
59	67	59	60	U
59	67	66	0	F
59	68	53	4	R
59	68	59	60	U
59	68	63	4	L
59	68	69	0	F
60	52	51	4	L
60	52	53	4	R
60	52	59	0	F
60	52	60	60	U
60	61	60	60	U
60	61	141	4	R
60	201	50	4	R
60	201	60	60	U
60	201	141	4	L
61	60	52	0	F
61	60	61	60	U
61	60	201	4	L
61	141	61	60	U
61	141	140	0	F
61	141	201	4	R
62	46	62	60	U
62	46	139	0	F
62	58	59	4	R
62	58	62	60	U
62	58	63	0	F
62	228	57	0	F
62	228	62	60	U
63	56	55	4	R
63	56	57	4	L
63	56	63	60	U
63	56	74	0	F
63	58	59	4	L
63	58	62	0	F
63	58	63	60	U
63	64	55	4	L
63	64	63	60	U
63	64	65	0	F
63	64	69	4	R
63	68	53	0	F
63	68	59	4	R
63	68	63	60	U
63	68	69	4	L
64	55	54	4	R
64	55	56	4	L
64	55	64	60	U
64	55	75	0	F
64	63	56	4	R
64	63	58	0	F
64	63	64	60	U
64	63	68	4	L
64	65	54	4	L
64	65	64	60	U
64	65	101	4	R
64	69	64	60	U
64	69	68	4	R
64	69	70	4	L
65	54	55	4	L
65	54	65	60	U
65	54	76	0	F
65	64	55	4	R
65	64	63	0	F
65	64	65	60	U
65	64	69	4	L
65	101	65	60	U
65	101	70	0	F
66	67	51	4	R
66	67	59	0	F
66	67	66	60	U
66	139	46	0	F
66	139	66	60	U
66	227	66	60	U
66	227	226	0	F
67	51	50	4	R
67	51	52	4	L
67	51	67	60	U
67	59	52	4	R
67	59	58	4	L
67	59	67	60	U
67	59	68	0	F
67	66	67	60	U
67	66	139	4	R
67	66	227	4	L
68	53	52	4	R
68	53	68	60	U
68	59	52	4	L
68	59	58	4	R
68	59	67	0	F
68	59	68	60	U
68	63	56	0	F
68	63	58	4	L
68	63	64	4	R
68	63	68	60	U
68	69	64	4	L
68	69	68	60	U
68	69	70	0	F
69	64	55	0	F
69	64	63	4	L
69	64	65	4	R
69	64	69	60	U
69	68	53	4	L
69	68	59	0	F
69	68	63	4	R
69	68	69	60	U
69	70	69	60	U
69	70	101	4	L
70	69	64	4	R
70	69	68	0	F
70	69	70	60	U
70	101	65	0	F
70	101	70	60	U
71	72	71	60	U
71	72	73	0	F
71	72	87	4	L
71	72	102	4	R
71	77	71	60	U
71	77	76	0	F
71	77	94	4	R
71	86	71	60	U
71	86	78	0	F
71	86	87	4	R
71	86	94	4	L
72	71	72	60	U
72	71	77	0	F
72	71	86	4	R
72	73	72	60	U
72	73	88	4	L
72	73	103	4	R
72	87	72	60	U
72	87	79	0	F
72	87	86	4	L
72	87	88	4	R
72	102	72	60	U
72	102	103	4	L
72	102	109	0	F
73	72	71	0	F
73	72	73	60	U
73	72	87	4	R
73	72	102	4	L
73	88	73	60	U
73	88	80	0	F
73	88	87	4	L
73	88	89	4	R
73	103	73	60	U
73	103	102	4	R
73	103	153	0	F
74	56	55	4	L
74	56	57	4	R
74	56	63	0	F
74	56	74	60	U
74	75	55	4	R
74	75	74	60	U
74	75	76	0	F
74	75	92	4	L
74	91	74	60	U
74	91	82	0	F
74	91	90	4	L
74	91	92	4	R
75	55	54	4	L
75	55	56	4	R
75	55	64	0	F
75	55	75	60	U
75	74	56	4	L
75	74	75	60	U
75	74	91	4	R
75	76	54	4	R
75	76	75	60	U
75	76	77	4	R
75	76	93	4	L
75	92	75	60	U
75	92	83	0	F
75	92	91	4	L
75	92	93	4	R
76	54	55	4	R
76	54	65	0	F
76	54	76	60	U
76	75	55	4	L
76	75	74	0	F
76	75	76	60	U
76	75	92	4	R
76	77	71	0	F
76	77	76	60	U
76	77	94	4	L
76	93	76	60	U
76	93	84	0	F
76	93	92	4	L
76	93	94	4	R
77	71	72	0	F
77	71	77	60	U
77	71	86	4	L
77	76	54	4	L
77	76	75	4	L
77	76	77	60	U
77	76	93	4	R
77	94	77	60	U
77	94	85	0	F
77	94	86	4	R
77	94	93	4	L
78	79	78	60	U
78	79	80	0	F
78	79	87	4	R
78	79	107	4	L
78	85	78	60	U
78	85	84	0	F
78	85	94	4	L
78	85	179	4	R
78	86	71	0	F
78	86	78	60	U
78	86	87	4	L
78	86	94	4	R
78	104	78	60	U
78	104	107	4	R
78	104	108	4	L
79	78	79	60	U
79	78	85	0	F
79	78	86	4	L
79	78	104	4	R
79	80	79	60	U
79	80	81	0	F
79	80	88	4	R
79	80	106	4	L
79	87	72	0	F
79	87	79	60	U
79	87	86	4	R
79	87	88	4	L
79	107	79	60	U
79	107	104	4	L
79	107	106	4	R
80	79	78	0	F
80	79	80	60	U
80	79	87	4	L
80	79	107	4	R
80	81	80	60	U
80	81	89	4	R
80	81	105	4	L
80	88	73	0	F
80	88	80	60	U
80	88	87	4	R
80	88	89	4	L
80	106	80	60	U
80	106	105	4	R
80	106	107	4	L
80	106	217	0	F
81	80	79	0	F
81	80	81	60	U
81	80	88	4	L
81	80	106	4	R
81	89	81	60	U
81	89	88	4	R
81	89	142	0	F
81	105	81	60	U
81	105	106	4	L
81	105	143	0	F
82	83	82	60	U
82	83	84	0	F
82	83	92	4	R
82	83	178	4	L
82	91	74	0	F
82	91	82	60	U
82	91	90	4	R
82	91	92	4	L
82	98	82	60	U
82	98	178	4	R
82	98	181	0	F
83	82	83	60	U
83	82	91	4	L
83	82	98	4	R
83	84	83	60	U
83	84	85	0	F
83	84	93	4	R
83	84	100	4	L
83	92	75	0	F
83	92	83	60	U
83	92	91	4	R
83	92	93	4	L
83	178	83	60	U
83	178	97	0	F
83	178	100	4	R
84	83	82	0	F
84	83	84	60	U
84	83	92	4	L
84	83	178	4	R
84	85	78	0	F
84	85	84	60	U
84	85	94	4	R
84	85	179	4	L
84	93	76	0	F
84	93	84	60	U
84	93	92	4	R
84	93	94	4	L
84	100	84	60	U
84	100	179	4	R
85	78	79	0	F
85	78	85	60	U
85	78	86	4	R
85	78	104	4	L
85	84	83	0	F
85	84	85	60	U
85	84	93	4	L
85	84	100	4	R
85	94	77	0	F
85	94	85	60	U
85	94	86	4	L
85	94	93	4	R
85	179	85	60	U
85	179	180	4	R
85	179	213	0	F
86	71	72	4	L
86	71	77	4	R
86	71	86	60	U
86	78	79	4	R
86	78	85	4	L
86	78	86	60	U
86	78	104	0	F
86	87	72	4	R
86	87	79	4	L
86	87	86	60	U
86	87	88	0	F
86	94	77	4	L
86	94	85	4	R
86	94	86	60	U
86	94	93	0	F
87	72	71	4	R
87	72	73	4	L
87	72	87	60	U
87	72	102	0	F
87	79	78	4	L
87	79	80	4	R
87	79	87	60	U
87	79	107	0	F
87	86	71	4	L
87	86	78	4	R
87	86	87	60	U
87	86	94	0	F
87	88	73	4	R
87	88	80	4	L
87	88	87	60	U
87	88	89	0	F
88	73	72	4	R
88	73	88	60	U
88	73	103	0	F
88	80	79	4	L
88	80	81	4	R
88	80	88	60	U
88	80	106	0	F
88	87	72	4	L
88	87	79	4	R
88	87	86	0	F
88	87	88	60	U
88	89	81	4	L
88	89	88	60	U
88	89	142	4	R
89	81	80	4	L
89	81	89	60	U
89	81	105	0	F
89	88	73	4	L
89	88	80	4	R
89	88	87	0	F
89	88	89	60	U
89	142	89	60	U
89	142	153	4	R
90	91	74	4	R
90	91	82	4	L
90	91	90	60	U
90	91	92	0	F
90	177	90	60	U
90	177	98	4	R
90	230	90	60	U
90	230	158	0	F
91	74	56	0	F
91	74	75	4	L
91	74	91	60	U
91	82	83	4	R
91	82	91	60	U
91	82	98	0	F
91	90	91	60	U
91	90	177	4	R
91	90	230	4	L
91	92	75	4	R
91	92	83	4	L
91	92	91	60	U
91	92	93	0	F
92	75	55	0	F
92	75	74	4	R
92	75	76	4	L
92	75	92	60	U
92	83	82	4	L
92	83	84	4	R
92	83	92	60	U
92	83	178	0	F
92	91	74	4	L
92	91	82	4	R
92	91	90	0	F
92	91	92	60	U
92	93	76	4	R
92	93	84	4	L
92	93	92	60	U
92	93	94	0	F
93	76	54	0	F
93	76	75	4	R
93	76	77	4	L
93	76	93	60	U
93	84	83	4	L
93	84	85	4	R
93	84	93	60	U
93	84	100	0	F
93	92	75	4	L
93	92	83	4	R
93	92	91	0	F
93	92	93	60	U
93	94	77	4	R
93	94	85	4	L
93	94	86	0	F
93	94	93	60	U
94	77	71	4	L
94	77	76	4	R
94	77	94	60	U
94	85	78	4	R
94	85	84	4	L
94	85	94	60	U
94	85	179	0	F
94	86	71	4	R
94	86	78	4	L
94	86	87	0	F
94	86	94	60	U
94	93	76	4	L
94	93	84	4	R
94	93	92	0	F
94	93	94	60	U
95	96	95	60	U
95	96	97	0	F
95	96	111	4	L
95	96	112	4	R
95	210	95	60	U
95	210	111	4	R
95	210	146	0	F
95	210	148	4	L
96	95	96	60	U
96	95	210	4	R
96	97	96	60	U
96	97	178	0	F
96	97	181	4	R
96	111	96	60	U
96	111	110	0	F
96	111	210	4	L
96	111	213	4	R
96	112	96	60	U
96	112	120	4	L
96	112	123	4	R
96	112	129	0	F
97	96	95	0	F
97	96	97	60	U
97	96	111	4	R
97	96	112	4	L
97	178	83	0	F
97	178	97	60	U
97	178	100	4	L
97	181	98	4	L
97	181	214	0	F
98	82	83	4	L
98	82	91	0	F
98	82	98	60	U
98	178	83	4	R
98	178	97	4	L
98	178	100	0	F
98	181	98	60	U
98	181	214	4	L
99	47	32	0	F
99	47	37	4	L
99	47	99	60	U
99	47	118	4	R
99	128	99	60	U
99	128	119	4	L
99	128	151	0	F
100	84	83	4	R
100	84	85	4	L
100	84	93	0	F
100	84	100	60	U
100	179	85	4	R
100	179	180	0	F
100	179	213	4	L
101	65	54	0	F
101	65	64	4	L
101	65	101	60	U
101	70	69	4	R
101	70	101	60	U
102	72	71	4	L
102	72	73	4	R
102	72	87	0	F
102	72	102	60	U
102	103	73	4	L
102	103	102	60	U
102	103	153	4	R
102	109	102	60	U
102	109	153	4	L
103	73	72	4	L
103	73	88	0	F
103	73	103	60	U
103	102	72	4	R
103	102	103	60	U
103	102	109	4	L
103	153	103	60	U
103	153	109	4	R
103	153	142	4	L
104	78	79	4	L
104	78	85	4	R
104	78	86	0	F
104	78	104	60	U
104	107	79	4	R
104	107	104	60	U
104	107	106	0	F
104	108	104	60	U
104	108	231	4	R
105	81	80	4	R
105	81	89	0	F
105	81	105	60	U
105	106	80	4	L
105	106	105	60	U
105	106	107	0	F
105	106	217	4	R
105	143	105	60	U
105	143	217	4	L
106	80	79	4	R
106	80	81	4	L
106	80	88	0	F
106	80	106	60	U
106	105	81	4	R
106	105	106	60	U
106	105	143	4	L
106	107	79	4	L
106	107	104	0	F
106	107	106	60	U
106	217	106	60	U
106	217	143	4	R
107	79	78	4	R
107	79	80	4	L
107	79	87	0	F
107	79	107	60	U
107	104	78	4	L
107	104	107	60	U
107	104	108	0	F
107	106	80	4	R
107	106	105	0	F
107	106	107	60	U
107	106	217	4	L
108	104	78	4	R
108	104	107	0	F
108	104	108	60	U
108	231	108	0	O
108	231	152	0	O
109	102	72	0	F
109	102	103	4	R
109	102	109	60	U
109	153	103	4	L
109	153	109	60	U
109	153	142	0	F
110	111	96	0	F
110	111	110	60	U
110	111	210	4	R
110	111	213	4	L
110	114	110	60	U
110	114	113	0	F
110	114	211	4	L
110	147	180	0	F
110	147	213	4	R
111	96	95	4	R
111	96	97	4	L
111	96	111	60	U
111	96	112	0	F
111	110	111	60	U
111	110	114	0	F
111	110	147	4	R
111	210	95	4	L
111	210	111	60	U
111	210	146	4	R
111	210	148	0	F
111	213	97	4	R
111	213	111	60	U
111	213	179	0	F
112	96	95	4	L
112	96	97	4	R
112	96	111	0	F
112	96	112	60	U
112	120	112	60	U
112	120	119	4	R
112	123	112	60	U
112	123	124	4	L
112	129	112	60	U
112	129	118	4	L
112	129	119	4	L
112	129	124	4	R
113	114	110	0	F
113	114	113	60	U
113	114	211	4	R
113	131	113	60	U
113	131	130	0	F
113	131	211	4	L
113	131	212	4	R
113	132	113	60	U
113	132	216	4	R
114	110	111	0	F
114	110	114	60	U
114	110	147	4	L
114	113	114	60	U
114	113	131	4	L
114	113	132	4	R
114	211	131	4	R
114	211	134	0	F
114	211	146	4	L
115	116	115	60	U
115	116	145	4	L
115	117	115	60	U
115	117	144	4	L
116	115	116	60	U
116	115	117	0	F
116	145	134	4	L
116	145	146	0	F
116	145	148	4	R
117	115	116	0	F
117	115	117	60	U
117	144	5	4	L
117	144	125	4	R
118	47	32	4	R
118	47	37	4	L
118	47	99	4	L
118	47	118	60	U
118	119	118	60	U
118	119	120	0	F
118	119	128	4	R
118	119	129	4	L
118	129	112	4	R
118	129	118	60	U
118	129	119	4	R
118	129	124	4	L
119	118	47	4	L
119	118	119	60	U
119	118	129	8	R
119	120	112	4	L
119	120	119	60	U
119	128	99	4	R
119	128	119	60	U
119	128	151	4	L
119	129	112	4	R
119	129	118	4	L
119	129	119	60	U
119	129	124	0	F
120	112	96	4	R
120	112	120	60	U
120	112	123	0	F
120	112	129	4	L
120	119	118	0	F
120	119	120	60	U
120	119	128	4	L
120	119	129	4	R
121	122	121	60	U
121	122	130	4	R
121	122	133	4	L
121	126	121	60	U
121	126	125	0	F
121	126	130	4	L
122	121	122	60	U
122	121	126	4	L
122	130	122	60	U
122	130	126	4	R
122	130	131	4	L
122	130	134	0	F
122	133	122	60	U
122	133	212	4	R
123	112	96	4	L
123	112	120	0	F
123	112	123	60	U
123	112	129	4	R
123	124	123	60	U
123	124	127	4	R
123	124	129	4	L
124	123	112	4	R
124	123	124	60	U
124	127	1	0	F
124	127	124	60	U
124	129	112	4	L
124	129	118	4	R
124	129	119	0	F
124	129	124	60	U
125	126	121	0	F
125	126	125	60	U
125	126	130	4	R
125	144	5	0	F
125	144	125	60	U
126	121	122	4	R
126	121	126	60	U
126	125	126	60	U
126	125	144	0	F
126	130	122	4	L
126	130	126	60	U
126	130	131	0	F
126	130	134	4	R
127	1	2	4	R
127	1	127	60	U
127	124	123	4	L
127	124	127	60	U
127	124	129	0	F
128	99	47	0	F
128	99	128	60	U
128	119	118	4	L
128	119	120	4	R
128	119	128	60	U
128	119	129	0	F
128	151	128	60	U
128	151	176	0	F
129	112	96	0	F
129	112	120	4	R
129	112	123	4	L
129	112	129	60	U
129	118	47	4	L
129	118	119	8	L
129	118	129	60	U
129	119	118	4	R
129	119	120	4	L
129	119	128	0	F
129	119	129	60	U
129	124	123	4	R
129	124	127	0	F
129	124	129	60	U
130	122	121	4	L
130	122	130	60	U
130	122	133	0	F
130	126	121	4	R
130	126	125	4	L
130	126	130	60	U
130	131	113	0	F
130	131	130	60	U
130	131	211	4	R
130	131	212	4	L
130	134	117	4	R
130	134	130	60	U
130	134	145	0	F
131	113	114	4	R
131	113	131	60	U
131	113	132	0	F
131	130	122	4	R
131	130	126	0	F
131	130	131	60	U
131	130	134	4	L
131	211	131	60	U
131	211	134	4	R
131	211	146	0	F
131	212	131	60	U
131	212	133	4	L
132	113	114	4	L
132	113	131	0	F
132	113	132	60	U
132	216	132	60	U
132	216	215	0	F
133	122	121	4	R
133	122	130	0	F
133	122	133	60	U
133	212	131	4	R
133	212	133	60	U
134	117	115	4	L
134	117	144	0	F
134	130	122	0	F
134	130	126	4	L
134	130	131	4	R
134	130	134	60	U
134	145	134	60	U
134	145	146	4	L
134	145	148	0	F
135	29	28	4	L
135	29	31	0	F
135	29	135	60	U
135	35	34	4	L
135	35	45	0	F
135	35	135	60	U
135	136	6	4	L
135	136	34	4	R
136	6	7	4	R
136	6	20	0	F
136	34	33	4	L
136	34	35	4	R
136	34	38	0	F
136	34	136	60	U
137	14	15	4	R
137	14	16	0	F
137	14	137	60	U
137	44	15	4	L
137	44	137	60	U
137	44	184	0	F
137	138	137	60	U
138	137	14	0	F
138	137	44	4	R
138	137	138	60	U
139	46	62	0	F
139	46	139	60	U
139	66	67	4	L
139	66	139	60	U
139	66	227	0	F
140	49	50	4	R
140	49	140	60	U
140	49	226	0	F
140	141	61	0	F
140	141	140	60	U
140	141	201	4	L
141	61	60	4	L
141	61	141	60	U
141	140	49	4	R
141	140	141	60	U
141	201	50	0	F
141	201	60	4	R
141	201	141	60	U
142	89	81	0	F
142	89	88	4	L
142	89	142	60	U
142	153	103	4	R
142	153	109	0	F
142	153	142	60	U
143	105	81	0	F
143	105	106	4	R
143	105	143	60	U
143	217	106	4	L
143	217	143	60	U
144	5	4	0	F
144	5	116	4	L
144	5	144	60	U
144	125	126	0	F
144	125	144	60	U
145	134	117	4	L
145	134	130	0	F
145	134	145	60	U
145	146	110	0	F
145	146	210	4	R
145	146	211	4	L
145	148	4	4	R
145	148	145	60	U
145	148	210	4	L
146	110	111	4	R
146	110	114	4	L
146	110	147	0	F
146	210	95	0	F
146	210	111	4	L
146	210	146	60	U
146	210	148	4	R
146	211	131	0	F
146	211	134	4	L
146	211	146	60	U
147	180	147	60	U
147	180	152	4	L
147	213	97	0	F
147	213	111	4	R
147	213	179	4	L
148	4	3	4	L
148	4	5	4	R
148	4	148	60	U
148	145	134	0	F
148	145	146	4	R
148	145	148	60	U
148	210	95	4	R
148	210	111	0	F
148	210	146	4	L
148	210	148	60	U
149	150	8	0	F
149	150	149	60	U
150	8	7	4	R
150	8	32	0	F
150	8	150	60	U
150	149	150	60	U
151	128	99	0	F
151	128	119	4	R
151	128	151	60	U
151	176	177	0	F
151	176	214	4	L
152	215	114	0	F
152	215	147	4	L
152	215	152	60	U
152	216	132	0	F
152	216	215	8	L
152	231	108	0	O
152	231	152	0	O
153	103	73	0	F
153	103	102	4	L
153	103	153	60	U
153	109	102	4	R
153	109	153	60	U
153	142	89	4	L
153	142	153	60	U
154	10	11	4	R
154	10	154	60	U
154	10	155	4	L
154	157	12	4	L
154	157	154	60	U
154	157	156	4	R
155	10	11	0	F
155	10	154	4	R
155	10	155	60	U
155	156	155	60	U
155	156	157	4	L
155	156	163	4	R
155	175	155	60	U
155	175	165	0	F
155	175	232	4	R
156	155	10	4	R
156	155	156	60	U
156	155	175	4	L
156	157	12	4	R
156	157	154	4	L
156	157	156	60	U
156	163	156	60	U
156	163	164	0	F
156	163	234	4	L
157	12	9	0	F
157	12	157	60	U
157	154	10	4	L
157	154	157	60	U
157	156	155	4	R
157	156	157	60	U
157	156	163	4	L
158	229	57	0	F
158	229	158	60	U
158	230	90	0	F
158	230	158	60	U
159	13	9	4	L
159	13	159	60	U
159	160	159	60	U
159	160	161	0	F
159	160	164	4	R
159	233	159	60	U
159	233	234	0	F
160	159	13	0	F
160	159	160	60	U
160	159	233	4	L
160	161	160	60	U
160	161	162	0	F
160	161	203	4	R
160	164	160	60	U
160	164	163	4	R
160	164	165	0	F
160	164	203	4	L
161	160	159	0	F
161	160	161	60	U
161	160	164	4	L
161	162	161	60	U
161	162	172	4	R
161	203	161	60	U
161	203	164	4	R
161	203	173	4	L
161	203	202	0	F
162	161	160	0	F
162	161	162	60	U
162	161	203	4	L
162	172	162	60	U
162	172	204	4	L
162	172	237	0	F
163	156	155	4	L
163	156	157	4	R
163	156	163	60	U
163	164	160	4	L
163	164	163	60	U
163	164	165	4	R
163	164	203	0	F
163	234	163	60	U
163	234	233	0	F
164	160	159	4	L
164	160	161	4	R
164	160	164	60	U
164	163	156	0	F
164	163	164	60	U
164	163	234	4	R
164	165	164	60	U
164	165	170	0	F
164	165	175	4	R
164	165	202	4	L
164	203	161	4	L
164	203	164	60	U
164	203	173	0	F
164	203	202	4	R
165	164	160	0	F
165	164	163	4	L
165	164	165	60	U
165	164	203	4	R
165	170	165	60	U
165	170	169	4	R
165	170	171	4	L
165	175	155	0	F
165	175	165	60	U
165	175	232	4	L
165	202	165	60	U
165	202	171	4	R
165	202	174	0	F
165	202	203	4	L
166	167	166	60	U
166	167	182	0	F
166	167	239	0	F
166	173	166	60	U
166	173	174	4	L
166	173	203	0	F
166	173	237	4	R
166	204	166	60	U
166	204	172	4	L
166	206	166	60	U
166	206	219	0	F
167	166	167	60	U
167	166	173	4	L
167	166	204	0	F
167	166	206	4	R
167	182	167	60	U
167	182	168	4	R
167	182	183	4	L
167	182	236	4	R
167	239	167	60	U
167	239	168	0	F
168	174	168	60	U
168	174	173	4	R
168	174	202	0	F
168	174	235	4	L
168	182	167	4	L
168	182	168	60	U
168	182	183	0	F
168	182	236	4	R
168	197	168	60	U
168	197	199	4	R
168	197	221	4	L
168	239	167	0	F
168	239	168	60	U
169	170	165	4	L
169	170	169	60	U
169	170	171	0	F
169	232	169	60	U
169	232	175	0	F
169	238	11	0	F
169	238	169	60	U
170	165	164	0	F
170	165	170	60	U
170	165	175	4	L
170	165	202	4	R
170	169	170	60	U
170	169	232	4	R
170	169	238	0	F
170	171	170	60	U
170	171	195	0	F
170	171	202	4	L
171	170	165	4	R
171	170	169	0	F
171	170	171	60	U
171	195	171	60	U
171	195	196	4	R
171	195	199	0	F
171	195	235	4	L
171	202	165	4	L
171	202	171	60	U
171	202	174	4	R
171	202	203	0	F
172	162	161	4	L
172	162	172	60	U
172	204	166	4	R
172	204	172	60	U
172	237	172	60	U
172	237	173	0	F
173	166	167	4	R
173	166	173	60	U
173	166	204	4	L
173	166	206	0	F
173	174	168	4	L
173	174	173	60	U
173	174	202	4	R
173	174	235	0	F
173	203	161	4	R
173	203	164	0	F
173	203	173	60	U
173	203	202	4	L
173	237	172	0	F
173	237	173	60	U
174	168	174	60	U
174	168	182	0	F
174	168	197	4	R
174	168	239	4	L
174	173	166	4	R
174	173	174	60	U
174	173	203	4	L
174	173	237	0	F
174	202	165	0	F
174	202	171	4	L
174	202	174	60	U
174	202	203	4	R
174	235	174	60	U
174	235	195	0	F
175	155	10	0	F
175	155	156	4	R
175	155	175	60	U
175	165	164	4	L
175	165	170	4	R
175	165	175	60	U
175	165	202	0	F
175	232	169	0	F
175	232	175	60	U
176	177	90	4	R
176	177	98	0	F
176	214	151	4	L
176	214	176	60	U
177	90	91	4	L
177	90	177	60	U
177	90	230	0	F
177	98	82	4	R
177	98	178	0	F
177	98	181	4	L
178	83	82	4	R
178	83	84	4	L
178	83	92	0	F
178	83	178	60	U
178	97	96	0	F
178	97	178	60	U
178	97	181	4	L
178	100	84	4	R
178	100	179	0	F
179	85	78	4	L
179	85	84	4	R
179	85	94	0	F
179	85	179	60	U
179	180	147	4	L
179	180	152	0	F
179	213	97	4	L
179	213	111	0	F
179	213	179	60	U
180	147	180	60	U
180	147	213	4	L
180	152	215	4	L
180	152	216	0	F
180	152	231	4	R
181	98	82	0	F
181	98	178	4	L
181	98	181	60	U
181	214	151	0	F
181	214	176	4	L
182	167	166	0	F
182	167	182	60	U
182	167	239	8	L
182	168	174	0	F
182	168	182	60	U
182	168	197	4	L
182	168	239	4	R
182	183	182	60	U
182	183	194	4	R
182	236	182	60	U
182	236	198	0	F
183	182	167	4	R
183	182	168	0	F
183	182	183	60	U
183	182	236	4	L
183	194	183	60	U
184	44	15	4	R
184	44	137	0	F
184	44	184	60	U
184	185	184	60	U
184	185	186	0	F
185	184	44	0	F
185	184	185	60	U
185	186	185	60	U
185	186	188	4	R
186	185	184	0	F
186	185	186	60	U
186	188	189	4	R
186	188	207	4	L
187	186	185	0	F
187	186	188	4	L
187	188	189	0	F
187	188	207	4	L
188	189	190	4	R
188	189	191	4	R
188	189	209	4	L
188	207	205	0	F
188	207	219	4	L
189	190	191	4	R
189	190	192	4	R
189	191	189	60	U
189	191	192	0	F
189	209	189	60	U
189	209	207	4	L
190	191	189	4	R
190	191	192	4	L
190	192	138	0	F
190	192	193	4	L
191	189	190	8	R
191	189	191	60	U
191	189	209	4	R
191	192	138	0	F
191	192	193	4	L
192	138	137	4	R
192	193	208	4	L
193	208	190	4	L
193	208	218	0	F
194	183	182	4	L
194	183	194	60	U
195	171	170	0	F
195	171	195	60	U
195	171	202	4	R
195	196	195	60	U
195	196	200	4	L
195	199	195	60	U
195	199	197	4	L
195	199	225	4	R
195	235	174	0	F
195	235	195	60	U
196	195	171	4	L
196	195	196	60	U
196	195	199	4	R
196	195	235	0	F
196	200	196	60	U
196	200	223	4	L
197	168	174	4	L
197	168	182	4	R
197	168	197	60	U
197	168	239	0	F
197	199	195	4	R
197	199	197	60	U
197	199	225	0	F
197	221	197	60	U
197	221	220	4	R
198	221	197	4	R
198	221	220	4	L
198	236	182	0	F
198	236	198	60	U
199	195	171	0	F
199	195	196	4	L
199	195	199	60	U
199	195	235	4	R
199	197	168	4	L
199	197	199	60	U
199	197	221	4	R
199	225	199	60	U
199	225	222	4	L
200	196	195	4	R
200	196	200	60	U
200	223	200	60	U
200	223	224	0	F
201	50	49	4	L
201	50	51	4	R
201	50	201	60	U
201	60	52	4	L
201	60	61	4	R
201	60	201	60	U
201	141	61	4	L
201	141	140	4	R
201	141	201	60	U
202	165	164	4	R
202	165	170	4	L
202	165	175	0	F
202	165	202	60	U
202	171	170	4	R
202	171	195	4	L
202	171	202	60	U
202	174	168	0	F
202	174	173	4	L
202	174	202	60	U
202	174	235	4	R
202	203	161	0	F
202	203	164	4	L
202	203	173	4	R
202	203	202	60	U
203	161	160	4	L
203	161	162	4	R
203	161	203	60	U
203	164	160	4	R
203	164	163	0	F
203	164	165	4	L
203	164	203	60	U
203	173	166	0	F
203	173	174	4	R
203	173	203	60	U
203	173	237	4	L
203	202	165	4	R
203	202	171	0	F
203	202	174	4	L
203	202	203	60	U
204	166	167	0	F
204	166	173	4	R
204	166	204	60	U
204	166	206	4	L
204	172	162	4	R
204	172	204	60	U
204	172	237	4	L
205	206	166	0	F
205	206	219	8	R
206	166	167	4	L
206	166	173	0	F
206	166	204	4	R
206	166	206	60	U
206	219	187	0	F
207	205	206	0	F
207	219	187	4	L
208	190	191	0	F
208	190	192	4	L
208	218	209	4	L
209	189	190	4	L
209	189	191	4	L
209	189	209	60	U
209	207	205	4	R
209	207	219	0	F
210	95	96	4	L
210	95	210	60	U
210	111	96	4	R
210	111	110	4	L
210	111	210	60	U
210	111	213	0	F
210	146	110	4	R
210	146	210	60	U
210	146	211	0	F
210	148	4	0	F
210	148	145	4	R
210	148	210	60	U
211	131	113	4	R
211	131	130	4	L
211	131	211	60	U
211	131	212	0	F
211	134	117	0	F
211	134	130	4	R
211	134	145	4	L
211	146	110	4	L
211	146	210	0	F
211	146	211	60	U
212	131	113	4	L
212	131	130	4	R
212	131	211	0	F
212	131	212	60	U
212	133	122	4	L
212	133	212	60	U
213	97	96	4	R
213	97	178	4	L
213	97	181	0	F
213	111	96	4	L
213	111	110	4	R
213	111	210	0	F
213	111	213	60	U
213	179	85	0	F
213	179	180	4	L
213	179	213	60	U
214	151	128	0	F
214	151	176	8	L
214	176	177	4	L
214	176	214	60	U
215	114	110	4	L
215	114	113	4	R
215	114	211	0	F
215	147	180	4	L
215	147	213	0	F
215	152	215	60	U
215	152	216	4	L
215	152	231	0	F
216	132	113	4	L
216	132	216	60	U
216	215	114	4	R
216	215	147	0	F
216	215	152	4	L
217	106	80	0	F
217	106	105	4	L
217	106	107	4	R
217	106	217	60	U
217	143	105	4	R
217	143	217	60	U
218	209	189	4	L
218	209	207	0	F
219	187	186	0	F
219	187	188	4	L
220	198	221	8	L
220	198	236	4	L
220	221	197	4	L
220	221	220	60	U
220	224	220	60	U
220	224	222	4	R
221	197	168	4	R
221	197	199	4	L
221	197	221	60	U
221	220	198	4	L
221	220	221	60	U
221	220	224	4	R
222	223	200	0	F
222	223	224	8	L
222	224	220	4	L
222	224	222	60	U
222	225	199	4	R
222	225	222	60	U
223	200	196	4	R
223	200	223	60	U
223	224	220	0	F
223	224	222	4	L
224	220	198	0	F
224	220	221	4	L
224	220	224	60	U
224	222	223	4	L
224	222	224	60	U
224	222	225	4	R
225	199	195	4	L
225	199	197	0	F
225	199	225	60	U
225	222	223	0	F
225	222	224	4	L
225	222	225	60	U
226	49	50	4	L
226	49	140	0	F
226	49	226	60	U
226	227	66	0	F
226	227	226	60	U
227	66	67	4	R
227	66	139	0	F
227	66	227	60	U
227	226	49	0	F
227	226	227	60	U
228	57	56	4	R
228	57	228	60	U
228	57	229	0	F
228	62	46	0	F
228	62	58	4	L
228	62	228	60	U
229	57	56	4	L
229	57	228	0	F
229	57	229	60	U
229	158	229	60	U
229	158	230	0	F
230	90	91	4	R
230	90	177	0	F
230	90	230	60	U
230	158	229	0	F
230	158	230	60	U
231	108	104	4	L
231	108	231	60	U
231	152	215	0	F
231	152	216	4	R
231	152	231	60	U
232	169	170	4	L
232	169	232	60	U
232	169	238	4	R
232	175	155	4	L
232	175	165	4	R
232	175	232	60	U
233	159	13	4	L
233	159	160	4	R
233	159	233	60	U
233	234	163	0	F
233	234	233	60	U
234	163	156	4	R
234	163	164	4	L
234	163	234	60	U
234	233	159	0	F
234	233	234	60	U
235	174	168	4	R
235	174	173	0	F
235	174	202	4	L
235	174	235	60	U
235	195	171	4	R
235	195	196	0	F
235	195	199	4	L
235	195	235	60	U
236	182	167	4	L
236	182	168	4	L
236	182	183	4	R
236	182	236	60	U
236	198	221	4	R
236	198	236	60	U
237	172	162	0	F
237	172	204	4	R
237	172	237	60	U
237	173	166	4	L
237	173	174	0	F
237	173	203	4	R
237	173	237	60	U
238	11	10	4	R
238	11	238	60	U
238	169	170	0	F
238	169	232	4	L
238	169	238	60	U
239	167	166	0	F
239	167	182	8	R
239	167	239	60	U
239	168	174	4	R
239	168	182	4	L
239	168	197	0	F
239	168	239	60	U