Name:			lavras02
#Vehicles:		1
Capacity:		5400
Depot:			551
#Nodes:			551
#Edges:			552
#Arcs:			284
#Required-N:	0
#Required-E:	82
#Required-A:	0
#Nb-Turns:		3952

----------NODES----------
INDEX	QTY	IS-REQUIRED	X	Y
1	0	0	-1	-1
2	0	0	-1	-1
3	0	0	-1	-1
4	0	0	-1	-1
5	0	0	-1	-1
6	0	0	-1	-1
7	0	0	-1	-1
8	0	0	-1	-1
9	0	0	-1	-1
10	0	0	-1	-1
11	0	0	-1	-1
12	0	0	-1	-1
13	0	0	-1	-1
14	0	0	-1	-1
15	0	0	-1	-1
16	0	0	-1	-1
17	0	0	-1	-1
18	0	0	-1	-1
19	0	0	-1	-1
20	0	0	-1	-1
21	0	0	-1	-1
22	0	0	-1	-1
23	0	0	-1	-1
24	0	0	-1	-1
25	0	0	-1	-1
26	0	0	-1	-1
27	0	0	-1	-1
28	0	0	-1	-1
29	0	0	-1	-1
30	0	0	-1	-1
31	0	0	-1	-1
32	0	0	-1	-1
33	0	0	-1	-1
34	0	0	-1	-1
35	0	0	-1	-1
36	0	0	-1	-1
37	0	0	-1	-1
38	0	0	-1	-1
39	0	0	-1	-1
40	0	0	-1	-1
41	0	0	-1	-1
42	0	0	-1	-1
43	0	0	-1	-1
44	0	0	-1	-1
45	0	0	-1	-1
46	0	0	-1	-1
47	0	0	-1	-1
48	0	0	-1	-1
49	0	0	-1	-1
50	0	0	-1	-1
51	0	0	-1	-1
52	0	0	-1	-1
53	0	0	-1	-1
54	0	0	-1	-1
55	0	0	-1	-1
56	0	0	-1	-1
57	0	0	-1	-1
58	0	0	-1	-1
59	0	0	-1	-1
60	0	0	-1	-1
61	0	0	-1	-1
62	0	0	-1	-1
63	0	0	-1	-1
64	0	0	-1	-1
65	0	0	-1	-1
66	0	0	-1	-1
67	0	0	-1	-1
68	0	0	-1	-1
69	0	0	-1	-1
70	0	0	-1	-1
71	0	0	-1	-1
72	0	0	-1	-1
73	0	0	-1	-1
74	0	0	-1	-1
75	0	0	-1	-1
76	0	0	-1	-1
77	0	0	-1	-1
78	0	0	-1	-1
79	0	0	-1	-1
80	0	0	-1	-1
81	0	0	-1	-1
82	0	0	-1	-1
83	0	0	-1	-1
84	0	0	-1	-1
85	0	0	-1	-1
86	0	0	-1	-1
87	0	0	-1	-1
88	0	0	-1	-1
89	0	0	-1	-1
90	0	0	-1	-1
91	0	0	-1	-1
92	0	0	-1	-1
93	0	0	-1	-1
94	0	0	-1	-1
95	0	0	-1	-1
96	0	0	-1	-1
97	0	0	-1	-1
98	0	0	-1	-1
99	0	0	-1	-1
100	0	0	-1	-1
101	0	0	-1	-1
102	0	0	-1	-1
103	0	0	-1	-1
104	0	0	-1	-1
105	0	0	-1	-1
106	0	0	-1	-1
107	0	0	-1	-1
108	0	0	-1	-1
109	0	0	-1	-1
110	0	0	-1	-1
111	0	0	-1	-1
112	0	0	-1	-1
113	0	0	-1	-1
114	0	0	-1	-1
115	0	0	-1	-1
116	0	0	-1	-1
117	0	0	-1	-1
118	0	0	-1	-1
119	0	0	-1	-1
120	0	0	-1	-1
121	0	0	-1	-1
122	0	0	-1	-1
123	0	0	-1	-1
124	0	0	-1	-1
125	0	0	-1	-1
126	0	0	-1	-1
127	0	0	-1	-1
128	0	0	-1	-1
129	0	0	-1	-1
130	0	0	-1	-1
131	0	0	-1	-1
132	0	0	-1	-1
133	0	0	-1	-1
134	0	0	-1	-1
135	0	0	-1	-1
136	0	0	-1	-1
137	0	0	-1	-1
138	0	0	-1	-1
139	0	0	-1	-1
140	0	0	-1	-1
141	0	0	-1	-1
142	0	0	-1	-1
143	0	0	-1	-1
144	0	0	-1	-1
145	0	0	-1	-1
146	0	0	-1	-1
147	0	0	-1	-1
148	0	0	-1	-1
149	0	0	-1	-1
150	0	0	-1	-1
151	0	0	-1	-1
152	0	0	-1	-1
153	0	0	-1	-1
154	0	0	-1	-1
155	0	0	-1	-1
156	0	0	-1	-1
157	0	0	-1	-1
158	0	0	-1	-1
159	0	0	-1	-1
160	0	0	-1	-1
161	0	0	-1	-1
162	0	0	-1	-1
163	0	0	-1	-1
164	0	0	-1	-1
165	0	0	-1	-1
166	0	0	-1	-1
167	0	0	-1	-1
168	0	0	-1	-1
169	0	0	-1	-1
170	0	0	-1	-1
171	0	0	-1	-1
172	0	0	-1	-1
173	0	0	-1	-1
174	0	0	-1	-1
175	0	0	-1	-1
176	0	0	-1	-1
177	0	0	-1	-1
178	0	0	-1	-1
179	0	0	-1	-1
180	0	0	-1	-1
181	0	0	-1	-1
182	0	0	-1	-1
183	0	0	-1	-1
184	0	0	-1	-1
185	0	0	-1	-1
186	0	0	-1	-1
187	0	0	-1	-1
188	0	0	-1	-1
189	0	0	-1	-1
190	0	0	-1	-1
191	0	0	-1	-1
192	0	0	-1	-1
193	0	0	-1	-1
194	0	0	-1	-1
195	0	0	-1	-1
196	0	0	-1	-1
197	0	0	-1	-1
198	0	0	-1	-1
199	0	0	-1	-1
200	0	0	-1	-1
201	0	0	-1	-1
202	0	0	-1	-1
203	0	0	-1	-1
204	0	0	-1	-1
205	0	0	-1	-1
206	0	0	-1	-1
207	0	0	-1	-1
208	0	0	-1	-1
209	0	0	-1	-1
210	0	0	-1	-1
211	0	0	-1	-1
212	0	0	-1	-1
213	0	0	-1	-1
214	0	0	-1	-1
215	0	0	-1	-1
216	0	0	-1	-1
217	0	0	-1	-1
218	0	0	-1	-1
219	0	0	-1	-1
220	0	0	-1	-1
221	0	0	-1	-1
222	0	0	-1	-1
223	0	0	-1	-1
224	0	0	-1	-1
225	0	0	-1	-1
226	0	0	-1	-1
227	0	0	-1	-1
228	0	0	-1	-1
229	0	0	-1	-1
230	0	0	-1	-1
231	0	0	-1	-1
232	0	0	-1	-1
233	0	0	-1	-1
234	0	0	-1	-1
235	0	0	-1	-1
236	0	0	-1	-1
237	0	0	-1	-1
238	0	0	-1	-1
239	0	0	-1	-1
240	0	0	-1	-1
241	0	0	-1	-1
242	0	0	-1	-1
243	0	0	-1	-1
244	0	0	-1	-1
245	0	0	-1	-1
246	0	0	-1	-1
247	0	0	-1	-1
248	0	0	-1	-1
249	0	0	-1	-1
250	0	0	-1	-1
251	0	0	-1	-1
252	0	0	-1	-1
253	0	0	-1	-1
254	0	0	-1	-1
255	0	0	-1	-1
256	0	0	-1	-1
257	0	0	-1	-1
258	0	0	-1	-1
259	0	0	-1	-1
260	0	0	-1	-1
261	0	0	-1	-1
262	0	0	-1	-1
263	0	0	-1	-1
264	0	0	-1	-1
265	0	0	-1	-1
266	0	0	-1	-1
267	0	0	-1	-1
268	0	0	-1	-1
269	0	0	-1	-1
270	0	0	-1	-1
271	0	0	-1	-1
272	0	0	-1	-1
273	0	0	-1	-1
274	0	0	-1	-1
275	0	0	-1	-1
276	0	0	-1	-1
277	0	0	-1	-1
278	0	0	-1	-1
279	0	0	-1	-1
280	0	0	-1	-1
281	0	0	-1	-1
282	0	0	-1	-1
283	0	0	-1	-1
284	0	0	-1	-1
285	0	0	-1	-1
286	0	0	-1	-1
287	0	0	-1	-1
288	0	0	-1	-1
289	0	0	-1	-1
290	0	0	-1	-1
291	0	0	-1	-1
292	0	0	-1	-1
293	0	0	-1	-1
294	0	0	-1	-1
295	0	0	-1	-1
296	0	0	-1	-1
297	0	0	-1	-1
298	0	0	-1	-1
299	0	0	-1	-1
300	0	0	-1	-1
301	0	0	-1	-1
302	0	0	-1	-1
303	0	0	-1	-1
304	0	0	-1	-1
305	0	0	-1	-1
306	0	0	-1	-1
307	0	0	-1	-1
308	0	0	-1	-1
309	0	0	-1	-1
310	0	0	-1	-1
311	0	0	-1	-1
312	0	0	-1	-1
313	0	0	-1	-1
314	0	0	-1	-1
315	0	0	-1	-1
316	0	0	-1	-1
317	0	0	-1	-1
318	0	0	-1	-1
319	0	0	-1	-1
320	0	0	-1	-1
321	0	0	-1	-1
322	0	0	-1	-1
323	0	0	-1	-1
324	0	0	-1	-1
325	0	0	-1	-1
326	0	0	-1	-1
327	0	0	-1	-1
328	0	0	-1	-1
329	0	0	-1	-1
330	0	0	-1	-1
331	0	0	-1	-1
332	0	0	-1	-1
333	0	0	-1	-1
334	0	0	-1	-1
335	0	0	-1	-1
336	0	0	-1	-1
337	0	0	-1	-1
338	0	0	-1	-1
339	0	0	-1	-1
340	0	0	-1	-1
341	0	0	-1	-1
342	0	0	-1	-1
343	0	0	-1	-1
344	0	0	-1	-1
345	0	0	-1	-1
346	0	0	-1	-1
347	0	0	-1	-1
348	0	0	-1	-1
349	0	0	-1	-1
350	0	0	-1	-1
351	0	0	-1	-1
352	0	0	-1	-1
353	0	0	-1	-1
354	0	0	-1	-1
355	0	0	-1	-1
356	0	0	-1	-1
357	0	0	-1	-1
358	0	0	-1	-1
359	0	0	-1	-1
360	0	0	-1	-1
361	0	0	-1	-1
362	0	0	-1	-1
363	0	0	-1	-1
364	0	0	-1	-1
365	0	0	-1	-1
366	0	0	-1	-1
367	0	0	-1	-1
368	0	0	-1	-1
369	0	0	-1	-1
370	0	0	-1	-1
371	0	0	-1	-1
372	0	0	-1	-1
373	0	0	-1	-1
374	0	0	-1	-1
375	0	0	-1	-1
376	0	0	-1	-1
377	0	0	-1	-1
378	0	0	-1	-1
379	0	0	-1	-1
380	0	0	-1	-1
381	0	0	-1	-1
382	0	0	-1	-1
383	0	0	-1	-1
384	0	0	-1	-1
385	0	0	-1	-1
386	0	0	-1	-1
387	0	0	-1	-1
388	0	0	-1	-1
389	0	0	-1	-1
390	0	0	-1	-1
391	0	0	-1	-1
392	0	0	-1	-1
393	0	0	-1	-1
394	0	0	-1	-1
395	0	0	-1	-1
396	0	0	-1	-1
397	0	0	-1	-1
398	0	0	-1	-1
399	0	0	-1	-1
400	0	0	-1	-1
401	0	0	-1	-1
402	0	0	-1	-1
403	0	0	-1	-1
404	0	0	-1	-1
405	0	0	-1	-1
406	0	0	-1	-1
407	0	0	-1	-1
408	0	0	-1	-1
409	0	0	-1	-1
410	0	0	-1	-1
411	0	0	-1	-1
412	0	0	-1	-1
413	0	0	-1	-1
414	0	0	-1	-1
415	0	0	-1	-1
416	0	0	-1	-1
417	0	0	-1	-1
418	0	0	-1	-1
419	0	0	-1	-1
420	0	0	-1	-1
421	0	0	-1	-1
422	0	0	-1	-1
423	0	0	-1	-1
424	0	0	-1	-1
425	0	0	-1	-1
426	0	0	-1	-1
427	0	0	-1	-1
428	0	0	-1	-1
429	0	0	-1	-1
430	0	0	-1	-1
431	0	0	-1	-1
432	0	0	-1	-1
433	0	0	-1	-1
434	0	0	-1	-1
435	0	0	-1	-1
436	0	0	-1	-1
437	0	0	-1	-1
438	0	0	-1	-1
439	0	0	-1	-1
440	0	0	-1	-1
441	0	0	-1	-1
442	0	0	-1	-1
443	0	0	-1	-1
444	0	0	-1	-1
445	0	0	-1	-1
446	0	0	-1	-1
447	0	0	-1	-1
448	0	0	-1	-1
449	0	0	-1	-1
450	0	0	-1	-1
451	0	0	-1	-1
452	0	0	-1	-1
453	0	0	-1	-1
454	0	0	-1	-1
455	0	0	-1	-1
456	0	0	-1	-1
457	0	0	-1	-1
458	0	0	-1	-1
459	0	0	-1	-1
460	0	0	-1	-1
461	0	0	-1	-1
462	0	0	-1	-1
463	0	0	-1	-1
464	0	0	-1	-1
465	0	0	-1	-1
466	0	0	-1	-1
467	0	0	-1	-1
468	0	0	-1	-1
469	0	0	-1	-1
470	0	0	-1	-1
471	0	0	-1	-1
472	0	0	-1	-1
473	0	0	-1	-1
474	0	0	-1	-1
475	0	0	-1	-1
476	0	0	-1	-1
477	0	0	-1	-1
478	0	0	-1	-1
479	0	0	-1	-1
480	0	0	-1	-1
481	0	0	-1	-1
482	0	0	-1	-1
483	0	0	-1	-1
484	0	0	-1	-1
485	0	0	-1	-1
486	0	0	-1	-1
487	0	0	-1	-1
488	0	0	-1	-1
489	0	0	-1	-1
490	0	0	-1	-1
491	0	0	-1	-1
492	0	0	-1	-1
493	0	0	-1	-1
494	0	0	-1	-1
495	0	0	-1	-1
496	0	0	-1	-1
497	0	0	-1	-1
498	0	0	-1	-1
499	0	0	-1	-1
500	0	0	-1	-1
501	0	0	-1	-1
502	0	0	-1	-1
503	0	0	-1	-1
504	0	0	-1	-1
505	0	0	-1	-1
506	0	0	-1	-1
507	0	0	-1	-1
508	0	0	-1	-1
509	0	0	-1	-1
510	0	0	-1	-1
511	0	0	-1	-1
512	0	0	-1	-1
513	0	0	-1	-1
514	0	0	-1	-1
515	0	0	-1	-1
516	0	0	-1	-1
517	0	0	-1	-1
518	0	0	-1	-1
519	0	0	-1	-1
520	0	0	-1	-1
521	0	0	-1	-1
522	0	0	-1	-1
523	0	0	-1	-1
524	0	0	-1	-1
525	0	0	-1	-1
526	0	0	-1	-1
527	0	0	-1	-1
528	0	0	-1	-1
529	0	0	-1	-1
530	0	0	-1	-1
531	0	0	-1	-1
532	0	0	-1	-1
533	0	0	-1	-1
534	0	0	-1	-1
535	0	0	-1	-1
536	0	0	-1	-1
537	0	0	-1	-1
538	0	0	-1	-1
539	0	0	-1	-1
540	0	0	-1	-1
541	0	0	-1	-1
542	0	0	-1	-1
543	0	0	-1	-1
544	0	0	-1	-1
545	0	0	-1	-1
546	0	0	-1	-1
547	0	0	-1	-1
548	0	0	-1	-1
549	0	0	-1	-1
550	0	0	-1	-1
551	0	0	-1	-1

----------EDGES----------
INDEX-I	INDEX-J	QTY	IS-REQUIRED	TR-COST
17	18	23	0	15
18	19	23	0	15
19	20	42	0	28
20	21	32	0	21
22	17	116	0	77
23	24	51	0	34
34	35	35	0	23
36	37	20	0	13
37	38	11	0	7
39	40	12	1	8
40	41	20	1	13
41	42	18	1	12
42	43	18	1	12
43	44	18	1	12
44	45	18	1	12
45	46	18	1	12
46	47	18	1	12
47	48	20	1	13
48	49	20	0	13
49	50	20	0	13
51	52	15	1	10
52	53	18	1	12
53	54	20	1	13
54	55	18	1	12
55	56	20	1	13
56	57	18	1	12
57	58	21	1	14
58	59	18	1	12
59	60	18	1	12
60	61	18	0	12
61	62	21	0	14
62	63	21	0	14
64	65	35	1	23
40	52	35	1	23
52	66	33	1	22
66	67	15	1	10
69	70	11	1	7
70	51	20	1	13
70	71	33	1	22
72	73	9	1	6
73	55	33	1	22
55	43	36	1	24
43	74	21	1	14
74	75	27	1	18
76	41	21	1	14
41	53	35	1	23
53	77	33	1	22
77	78	14	1	9
79	56	33	1	22
56	44	36	1	24
44	80	23	1	15
80	81	27	1	18
82	83	18	1	12
83	57	33	1	22
57	45	35	1	23
45	84	23	1	15
84	85	24	1	16
86	87	6	1	4
87	88	20	1	13
88	89	18	0	12
93	94	11	0	7
94	95	17	0	11
95	96	17	0	11
96	97	18	0	12
98	99	17	0	11
99	100	17	0	11
100	101	29	0	19
102	103	32	0	21
103	96	29	0	19
96	104	21	0	14
104	105	20	0	13
110	102	18	0	12
102	111	17	0	11
111	112	17	0	11
112	113	17	0	11
114	115	12	0	8
115	103	17	0	11
103	116	18	0	12
116	117	17	0	11
117	118	9	0	6
119	120	32	0	21
120	121	30	0	20
122	123	17	0	11
123	124	17	0	11
124	125	32	0	21
125	119	24	0	16
126	127	32	0	21
127	128	30	0	20
128	129	24	0	16
130	131	21	0	14
131	132	21	0	14
132	133	27	0	18
133	126	51	0	34
134	135	32	0	21
135	136	30	0	20
136	137	23	0	15
138	139	17	0	11
139	140	20	0	13
140	141	21	0	14
141	142	30	0	20
142	134	38	0	25
143	144	29	0	19
144	145	24	0	16
146	130	3	0	2
130	139	21	0	14
139	122	42	0	28
122	100	29	0	19
100	111	27	0	18
111	116	32	0	21
116	97	29	0	19
147	132	26	0	17
132	141	21	0	14
141	124	20	0	13
124	98	30	0	20
98	113	26	0	17
113	148	21	0	14
148	118	11	0	7
149	150	30	0	20
151	126	17	0	11
126	134	17	0	11
134	119	17	0	11
152	153	26	0	17
153	154	30	0	20
154	151	32	0	21
151	155	11	0	7
154	127	17	0	11
127	135	17	0	11
135	120	17	0	11
120	149	17	0	11
149	156	17	0	11
164	165	27	0	18
165	22	12	0	8
166	167	51	0	34
30	168	36	0	24
172	173	26	0	17
173	174	20	0	13
174	175	20	0	13
175	176	18	0	12
179	180	26	0	17
181	182	23	0	15
183	181	29	0	19
184	167	11	0	7
167	185	20	0	13
186	172	42	0	28
187	188	20	0	13
189	190	23	0	15
192	193	30	0	20
194	195	6	0	4
195	196	30	0	20
196	173	32	0	21
173	197	20	0	13
184	193	18	0	12
193	201	21	0	14
204	205	11	0	7
205	206	32	0	21
206	166	20	0	13
208	209	32	0	21
209	175	32	0	21
175	210	18	0	12
210	211	45	0	30
197	168	3	0	2
168	212	17	0	11
212	210	18	0	12
210	213	18	0	12
213	214	15	0	10
214	215	32	0	21
215	216	18	0	12
217	218	12	0	8
218	219	3	0	2
219	220	8	0	5
220	221	27	0	18
221	222	8	0	5
223	224	12	0	8
224	225	24	0	16
225	226	23	0	15
226	227	23	0	15
227	217	20	0	13
228	207	23	0	15
229	230	26	0	17
231	232	3	0	2
233	231	32	0	21
238	221	15	0	10
239	240	26	0	17
244	245	17	0	11
246	247	17	0	11
247	248	18	0	12
218	232	51	0	34
232	250	2	0	1
253	254	21	0	14
254	255	15	0	10
256	223	33	0	22
257	225	45	0	30
225	239	18	0	12
239	258	17	0	11
258	259	8	0	5
196	264	18	0	12
264	209	20	0	13
209	25	20	0	13
265	240	11	0	7
240	226	21	0	14
226	266	39	0	26
272	265	18	0	12
265	273	26	0	17
276	277	80	0	53
277	278	8	0	5
278	279	18	0	12
280	281	30	0	20
282	283	18	0	12
284	285	27	0	18
290	291	30	0	20
291	144	32	0	21
144	292	26	0	17
293	294	24	0	16
294	290	35	0	23
180	295	6	0	4
296	297	44	0	29
298	296	9	0	6
299	300	23	0	15
301	302	23	0	15
303	304	18	0	12
304	305	8	0	5
295	306	20	0	13
307	308	30	0	20
308	299	17	0	11
302	309	18	0	12
308	310	21	0	14
310	311	23	0	15
311	293	24	0	16
293	312	24	0	16
313	300	6	0	4
300	310	17	0	11
310	314	30	0	20
315	316	24	0	16
318	13	36	0	24
321	322	24	0	16
322	323	27	0	18
324	325	17	0	11
11	326	21	0	14
326	319	11	0	7
319	327	8	0	5
324	328	26	0	17
328	317	18	0	12
317	329	23	0	15
287	337	17	0	11
337	236	18	0	12
339	272	5	0	3
340	20	14	0	9
250	341	8	0	5
341	21	11	0	7
259	342	6	0	4
342	343	17	0	11
343	18	17	0	11
344	340	6	0	4
303	345	53	0	35
351	352	30	0	20
352	105	35	0	23
115	95	30	0	20
353	137	53	0	35
137	129	17	0	11
129	152	18	0	12
152	354	9	0	6
287	252	21	0	14
252	357	17	0	11
285	358	12	0	8
358	359	9	0	6
359	279	18	0	12
274	178	9	0	6
377	379	3	0	2
15	289	75	0	50
21	388	59	0	39
401	402	18	1	12
403	404	20	0	13
404	405	20	0	13
405	401	18	1	12
33	403	24	0	16
408	409	18	0	12
409	410	17	0	11
410	411	35	0	23
408	412	60	0	40
406	201	29	0	19
412	414	30	0	20
329	322	29	0	19
322	316	24	0	16
345	325	51	0	34
325	415	74	0	49
369	416	8	0	5
419	420	26	0	17
247	421	32	0	21
421	419	36	0	24
422	267	23	0	15
402	84	18	1	12
84	80	18	1	12
80	74	18	1	12
74	427	18	1	12
427	76	20	1	13
343	428	50	0	33
199	189	35	0	23
189	429	30	0	20
301	292	20	0	13
389	434	32	0	21
314	389	47	0	31
388	307	3	0	2
33	435	18	0	12
435	36	17	0	11
436	89	26	0	17
87	437	26	1	17
437	58	35	1	23
58	46	35	1	23
46	402	23	1	15
435	438	17	0	11
91	439	26	0	17
439	34	23	0	15
34	440	2	0	1
258	443	21	0	14
443	256	21	0	14
224	443	32	0	21
444	158	39	0	26
446	447	20	0	13
166	450	27	0	18
201	190	29	0	19
190	453	33	0	22
246	408	44	0	29
455	456	18	0	12
456	409	51	0	34
409	247	45	0	30
457	458	21	0	14
458	455	15	0	10
455	412	17	0	11
164	459	17	0	11
459	410	17	0	11
410	460	17	0	11
460	442	18	0	12
442	248	11	0	7
156	462	30	0	20
462	353	15	0	10
403	50	27	0	18
50	447	20	0	13
38	463	8	0	5
463	403	39	0	26
440	464	21	0	14
464	465	39	0	26
466	440	30	0	20
466	63	39	0	26
63	399	35	0	23
399	33	29	0	19
211	356	29	0	19
212	174	20	0	13
174	264	32	0	21
264	430	32	0	21
203	215	20	0	13
215	206	17	0	11
206	450	27	0	18
185	192	20	0	13
192	406	21	0	14
473	458	30	0	20
327	315	24	0	16
315	321	24	0	16
228	439	38	0	25
439	465	56	0	37
228	35	2	0	1
35	466	29	0	19
279	282	44	0	29
282	479	21	0	14
244	202	32	0	21
491	492	11	0	7
17	309	50	0	33
402	493	21	1	14
60	48	35	0	23
48	405	24	0	16
405	68	27	0	18
89	494	27	0	18
494	60	36	0	24
89	495	18	0	12
495	181	20	0	13
181	228	20	0	13
68	496	17	0	11
391	501	5	0	3
502	146	5	0	3
503	445	23	0	15
445	305	38	0	25
504	345	21	0	14
508	509	50	0	33
318	510	6	0	4
94	511	20	0	13
511	352	21	0	14
104	511	35	0	23
421	424	23	0	15
447	62	15	0	10
62	183	39	0	26
414	484	45	0	30
414	513	15	0	10
513	473	15	0	10
66	77	18	1	12
77	514	18	1	12
514	73	18	1	12
73	79	20	1	13
79	83	18	1	12
83	437	21	1	14
437	515	18	1	12
515	494	18	1	12
494	516	18	0	12
516	183	20	0	13
183	466	20	0	13
71	51	36	1	24
51	65	18	1	12
67	517	33	1	22
517	82	56	1	37
82	86	20	1	13
86	518	32	1	21
518	436	20	0	13
436	519	18	0	12
519	182	18	0	12
520	427	17	1	11
427	42	21	1	14
42	54	35	1	23
54	514	33	1	22
514	517	20	1	13
61	446	17	0	11
446	49	18	0	12
49	404	24	0	16
404	496	30	0	20
519	495	24	0	16
495	516	29	0	19
516	61	38	0	25
491	519	38	0	25
492	182	29	0	19
515	59	36	1	24
59	47	35	1	23
47	401	24	1	16
401	521	11	1	7
518	88	21	0	14
88	515	27	1	18
438	37	24	0	16
71	66	3	1	2
212	24	5	0	3
24	356	60	0	40
195	430	18	0	12
430	208	20	0	13
208	425	18	0	12
425	431	2	0	1
163	187	77	0	51
202	162	51	0	34
162	163	5	0	3
444	481	83	0	55
187	444	8	0	5
245	203	32	0	21
203	216	26	0	17
216	185	69	0	46
245	214	18	0	12
176	245	20	0	13
415	526	11	0	7
369	234	17	0	11
416	366	9	0	6
366	527	14	0	9
527	283	20	0	13
283	286	20	0	13
286	359	26	0	17
176	25	32	0	21
25	431	30	0	20
431	426	17	0	11
426	398	26	0	17
406	407	14	0	9
407	413	8	0	5
201	429	21	0	14
429	169	23	0	15
169	246	21	0	14
457	165	63	0	42
165	411	35	0	23
411	470	18	0	12
513	455	30	0	20
460	470	42	0	28
379	267	35	0	23
500	133	39	0	26
133	142	23	0	15
142	125	21	0	14
143	531	24	0	16
531	390	30	0	20
532	311	27	0	18
311	533	20	0	13
273	535	3	0	2
499	131	14	0	9
131	140	21	0	14
140	123	32	0	21
123	99	30	0	20
99	112	27	0	18
112	117	32	0	21
145	499	5	0	3
539	312	15	0	10
540	354	26	0	17
540	153	11	0	7
153	128	18	0	12
128	136	17	0	11
136	121	17	0	11
121	150	17	0	11
150	462	18	0	12
20	434	29	0	19
434	531	23	0	15
531	291	26	0	17
291	536	26	0	17
536	500	3	0	2
27	186	17	0	11
186	480	8	0	5
480	542	30	0	20
542	194	23	0	15
194	400	21	0	14
227	534	9	0	6
535	392	21	0	14
392	233	2	0	1
233	344	15	0	10
534	535	6	0	4
316	326	27	0	18
316	10	23	0	15
508	512	21	0	14
512	490	30	0	20
288	545	32	0	21
509	545	11	0	7
545	280	15	0	10
280	512	14	0	9
276	288	15	0	10
288	281	15	0	10
281	490	15	0	10
490	433	14	0	9
433	16	29	0	19
479	527	17	0	11
453	199	21	0	14
204	213	12	0	8
213	176	18	0	12
461	538	3	0	2
400	32	32	0	21
32	398	20	0	13
533	313	23	0	15
351	93	42	0	28
93	546	12	0	8
546	547	9	0	6
547	114	14	0	9
114	350	17	0	11
350	92	6	0	4
92	110	12	0	8
110	548	12	0	8
548	101	17	0	11
101	549	14	0	9
549	488	26	0	17
488	550	30	0	20
550	138	14	0	9
138	498	15	0	10
364	246	84	0	56
458	164	48	0	32
497	537	3	0	2
390	532	42	0	28
19	339	39	0	26
155	551	21	0	14
551	461	30	0	20

-----------ARCS----------
INDEX-I	INDEX-J	QTY	IS-REQUIRED	TR-COST
1	2	48	0	32
2	3	24	0	16
3	4	26	0	17
4	5	33	0	22
5	6	9	0	6
6	7	20	0	13
8	9	36	0	24
10	11	32	0	21
11	12	35	0	23
12	13	29	0	19
13	14	26	0	17
14	15	26	0	17
15	16	63	0	42
25	26	20	0	13
27	28	45	0	30
28	29	23	0	15
29	30	12	0	8
30	23	24	0	16
23	31	27	0	18
32	33	39	0	26
90	91	14	0	9
106	107	18	0	12
107	108	14	0	9
108	109	24	0	16
157	158	18	0	12
158	159	12	0	8
169	170	39	0	26
177	107	26	0	17
107	178	32	0	21
191	90	20	0	13
198	199	29	0	19
179	200	17	0	11
202	203	17	0	11
182	207	18	0	12
207	91	47	0	31
234	235	5	0	3
236	237	26	0	17
5	30	35	0	23
241	219	8	0	5
1	251	27	0	18
251	252	14	0	9
29	230	17	0	11
230	6	21	0	14
260	241	21	0	14
241	220	12	0	8
261	262	17	0	11
262	263	11	0	7
267	257	14	0	9
257	268	11	0	7
268	266	9	0	6
266	109	20	0	13
109	269	21	0	14
269	260	5	0	3
260	238	50	0	33
238	270	23	0	15
270	271	5	0	3
274	275	23	0	15
286	284	18	0	12
284	287	15	0	10
269	274	20	0	13
252	285	23	0	15
288	289	66	0	44
320	12	24	0	16
330	331	18	0	12
331	1	36	0	24
1	332	21	0	14
333	334	35	0	23
177	335	9	0	6
271	320	20	0	13
336	5	26	0	17
337	283	33	0	22
346	8	8	0	5
346	347	18	0	12
347	253	32	0	21
253	348	26	0	17
349	346	60	0	40
349	191	9	0	6
336	347	35	0	23
347	191	60	0	40
356	31	20	0	13
360	361	21	0	14
330	333	5	0	3
362	363	33	0	22
364	334	32	0	21
198	365	24	0	16
366	367	33	0	22
335	262	14	0	9
249	243	30	0	20
243	369	20	0	13
370	371	24	0	16
371	242	23	0	15
242	336	18	0	12
7	346	11	0	7
7	8	11	0	7
8	229	17	0	11
372	373	12	0	8
373	362	11	0	7
362	360	33	0	22
372	374	12	0	8
375	373	17	0	11
335	361	6	0	4
361	375	39	0	26
375	376	9	0	6
274	108	30	0	20
108	377	29	0	19
377	378	3	0	2
178	275	21	0	14
275	380	8	0	5
178	381	15	0	10
380	382	24	0	16
382	383	3	0	2
384	385	8	0	5
385	381	21	0	14
381	106	36	0	24
15	381	24	0	16
385	14	26	0	17
384	380	11	0	7
382	386	5	0	3
387	383	6	0	4
387	386	6	0	4
386	384	23	0	15
383	238	21	0	14
270	222	24	0	16
21	297	18	0	12
297	389	15	0	10
389	390	23	0	15
390	290	27	0	18
290	391	24	0	16
394	10	6	0	4
395	396	6	0	4
398	36	38	0	25
399	400	47	0	31
406	188	11	0	7
188	407	15	0	10
170	413	21	0	14
408	170	20	0	13
412	157	17	0	11
157	188	44	0	29
415	329	24	0	16
417	418	18	0	12
423	424	21	0	14
424	248	32	0	21
425	426	26	0	17
423	223	30	0	20
422	423	27	0	18
223	422	38	0	25
413	429	32	0	21
400	430	15	0	10
431	432	20	0	13
441	349	9	0	6
91	441	15	0	10
355	255	26	0	17
255	336	30	0	20
355	249	24	0	16
348	355	36	0	24
432	26	30	0	20
263	16	17	0	11
467	468	2	0	1
468	469	35	0	23
469	332	20	0	13
332	368	18	0	12
31	467	23	0	15
367	236	18	0	12
470	471	41	0	27
471	428	6	0	4
428	472	3	0	2
159	414	17	0	11
16	475	24	0	16
475	476	24	0	16
476	477	15	0	10
477	417	24	0	16
417	478	44	0	29
237	370	27	0	18
229	28	18	0	12
481	161	2	0	1
161	482	5	0	3
449	483	9	0	6
484	485	5	0	3
486	160	5	0	3
160	481	2	0	1
487	484	6	0	4
9	465	5	0	3
489	244	17	0	11
497	498	3	0	2
498	146	11	0	7
146	499	18	0	12
499	147	17	0	11
147	500	18	0	12
500	501	30	0	20
501	461	27	0	18
505	306	2	0	1
306	474	2	0	1
474	504	3	0	2
504	503	3	0	2
503	505	3	0	2
483	487	2	0	1
487	485	3	0	2
485	486	2	0	1
26	489	9	0	6
512	475	42	0	28
522	523	2	0	1
523	483	6	0	4
191	349	11	0	7
3	370	36	0	24
370	524	41	0	27
31	3	27	0	18
486	525	3	0	2
525	452	2	0	1
452	522	2	0	1
523	449	8	0	5
524	235	3	0	2
524	234	3	0	2
235	338	18	0	12
338	371	27	0	18
371	4	35	0	23
357	528	3	0	2
478	357	6	0	4
528	251	14	0	9
251	237	48	0	32
478	528	6	0	4
4	23	32	0	21
237	2	33	0	22
2	468	23	0	15
365	333	14	0	9
365	331	6	0	4
482	525	2	0	1
472	529	3	0	2
529	256	18	0	12
530	379	3	0	2
530	378	3	0	2
378	177	12	0	8
360	530	5	0	3
18	309	21	0	14
109	227	32	0	21
534	273	8	0	5
391	536	30	0	20
536	145	35	0	23
145	502	18	0	12
502	537	12	0	8
538	391	27	0	18
538	294	24	0	16
294	532	27	0	18
532	314	23	0	15
314	298	17	0	11
106	261	6	0	4
261	335	17	0	11
526	323	23	0	15
323	393	15	0	10
393	394	11	0	7
394	320	65	0	43
320	387	26	0	17
9	541	6	0	4
541	27	12	0	8
376	374	6	0	4
374	418	33	0	22
418	330	17	0	11
200	543	14	0	9
448	544	6	0	4
543	544	12	0	8
397	396	6	0	4
544	395	6	0	4
395	397	6	0	4
396	179	23	0	15
543	448	9	0	6
510	510	24	0	16
376	476	23	0	15
476	507	20	0	13
507	506	15	0	10
506	508	11	0	7
453	368	33	0	22
368	198	23	0	15
198	454	18	0	12
454	364	32	0	21
364	171	14	0	9
171	363	15	0	10
363	420	21	0	14
420	267	24	0	16
539	538	6	0	4
334	372	15	0	10
451	497	5	0	3
537	451	5	0	3
298	388	12	0	8
465	541	5	0	3
461	539	6	0	4

----------TURNS----------
INDEX-I	INDEX-J	INDEX-K	COST	TYPE
1	2	3	0	F
1	2	468	4	L
1	251	237	4	L
1	251	252	0	F
1	332	368	4	L
2	3	4	0	F
2	3	370	4	R
2	468	469	4	L
3	4	5	0	F
3	4	23	4	L
3	370	371	4	L
3	370	524	0	F
4	5	6	0	F
4	5	30	4	L
4	23	24	0	F
4	23	31	4	L
5	6	7	0	F
5	30	23	4	L
5	30	168	4	R
6	7	8	4	L
6	7	346	0	F
7	8	9	0	F
7	8	229	4	L
7	346	8	4	L
7	346	347	4	R
8	9	465	0	F
8	9	541	4	L
8	229	28	0	F
8	229	230	4	L
9	465	439	4	R
9	465	464	0	F
9	465	541	4	L
9	541	27	0	F
10	11	12	0	F
10	11	326	4	R
10	316	10	60	U
10	316	315	0	F
10	316	322	4	R
10	316	326	4	L
11	12	13	0	F
11	326	11	60	U
11	326	316	4	R
11	326	319	0	F
12	13	14	0	F
12	13	318	4	R
13	14	15	0	F
13	318	13	60	U
13	318	510	4	R
14	15	16	0	F
14	15	289	4	R
14	15	381	4	L
15	16	433	4	R
15	16	475	0	F
15	289	15	60	U
15	381	106	4	R
16	433	16	60	U
16	433	490	0	F
16	475	476	0	F
17	18	17	60	U
17	18	19	0	F
17	18	309	4	R
17	18	343	4	L
17	22	17	60	U
17	22	165	4	R
17	309	17	60	U
17	309	302	0	F
18	17	18	60	U
18	17	22	0	F
18	17	309	4	L
18	19	18	60	U
18	19	20	0	F
18	19	339	4	L
18	309	17	8	R
18	309	302	0	F
18	343	18	60	U
18	343	342	0	F
18	343	428	4	L
19	18	17	0	F
19	18	19	60	U
19	18	309	4	L
19	18	343	4	R
19	20	19	60	U
19	20	21	0	F
19	20	340	4	L
19	20	434	4	R
19	339	19	60	U
19	339	272	0	F
20	19	18	0	F
20	19	20	60	U
20	19	339	4	R
20	21	20	60	U
20	21	297	4	R
20	21	341	4	L
20	21	388	0	F
20	340	20	60	U
20	340	344	0	F
20	434	20	60	U
20	434	389	4	L
20	434	531	0	F
21	20	19	0	F
21	20	21	60	U
21	20	340	4	R
21	20	434	4	L
21	297	296	4	L
21	297	389	0	F
21	341	21	60	U
21	341	250	0	F
21	388	21	60	U
21	388	307	0	F
22	17	18	0	F
22	17	22	60	U
22	17	309	4	R
22	165	22	60	U
22	165	164	0	F
22	165	411	4	R
22	165	457	4	L
23	24	23	60	U
23	24	212	0	F
23	24	356	8	L
23	31	3	4	L
23	31	467	0	F
24	23	24	60	U
24	23	31	4	R
24	212	24	60	U
24	212	168	4	R
24	212	174	0	F
24	212	210	4	L
24	356	24	60	U
24	356	31	4	L
24	356	211	4	R
25	26	489	0	F
25	176	25	60	U
25	176	175	4	L
25	176	213	0	F
25	176	245	4	R
25	209	25	60	U
25	209	175	4	R
25	209	208	4	L
25	209	264	0	F
25	431	25	60	U
25	431	425	4	R
25	431	426	0	F
25	431	432	4	L
26	489	244	4	L
27	28	29	0	F
27	186	27	60	U
27	186	172	4	L
27	186	480	0	F
28	29	30	0	F
28	29	230	4	L
29	30	23	0	F
29	30	168	4	R
29	230	6	0	F
29	230	229	4	L
30	23	24	4	R
30	23	31	0	F
30	168	30	60	U
30	168	197	4	R
30	168	212	4	L
31	3	4	4	L
31	3	370	0	F
31	467	468	0	F
32	33	399	4	R
32	33	403	0	F
32	33	435	4	L
32	398	32	60	U
32	398	36	4	R
32	398	426	4	L
32	400	32	60	U
32	400	194	0	F
32	400	430	4	R
33	399	33	60	U
33	399	63	0	F
33	399	400	4	R
33	403	33	60	U
33	403	50	4	R
33	403	404	0	F
33	403	463	4	L
33	435	33	60	U
33	435	36	0	F
33	435	438	4	R
34	35	34	60	U
34	35	228	4	R
34	35	466	4	L
34	439	34	60	U
34	439	91	0	F
34	439	228	4	L
34	439	465	4	R
34	440	34	60	U
34	440	464	4	L
34	440	466	4	R
35	34	35	60	U
35	34	439	4	L
35	34	440	4	R
35	228	35	60	U
35	228	181	4	L
35	228	207	0	F
35	228	439	4	R
35	466	35	60	U
35	466	63	0	F
35	466	183	4	R
35	466	440	4	L
36	37	36	60	U
36	37	38	0	F
36	37	438	4	R
36	435	33	0	F
36	435	36	60	U
36	435	438	4	L
37	36	37	60	U
37	36	435	4	L
37	38	37	60	U
37	38	463	4	R
37	438	37	60	U
37	438	435	4	R
38	37	36	0	F
38	37	38	60	U
38	37	438	4	L
38	463	38	60	U
38	463	403	0	F
39	40	39	60	U
39	40	41	0	F
39	40	52	4	L
40	39	40	60	U
40	41	40	60	U
40	41	42	0	F
40	41	53	4	L
40	41	76	4	R
40	52	40	60	U
40	52	51	4	L
40	52	53	4	R
40	52	66	0	F
41	40	39	0	F
41	40	41	60	U
41	40	52	4	R
41	42	41	60	U
41	42	43	0	F
41	42	54	4	L
41	42	427	4	R
41	53	41	60	U
41	53	52	4	L
41	53	54	4	R
41	53	77	0	F
41	76	41	60	U
41	76	427	4	L
42	41	40	0	F
42	41	42	60	U
42	41	53	4	R
42	41	76	4	L
42	43	42	60	U
42	43	44	0	F
42	43	55	4	L
42	43	74	4	R
42	54	42	60	U
42	54	53	4	L
42	54	55	4	R
42	54	514	0	F
42	427	42	60	U
42	427	74	4	L
42	427	76	4	R
42	427	520	0	F
43	42	41	0	F
43	42	43	60	U
43	42	54	4	R
43	42	427	4	L
43	44	43	60	U
43	44	45	0	F
43	44	56	4	L
43	44	80	4	R
43	55	43	60	U
43	55	54	4	L
43	55	56	4	R
43	55	73	0	F
43	74	43	60	U
43	74	75	0	F
43	74	80	4	L
43	74	427	4	R
44	43	42	0	F
44	43	44	60	U
44	43	55	4	R
44	43	74	4	L
44	45	44	60	U
44	45	46	0	F
44	45	57	4	L
44	45	84	4	R
44	56	44	60	U
44	56	55	4	L
44	56	57	4	R
44	56	79	0	F
44	80	44	60	U
44	80	74	4	R
44	80	81	0	F
44	80	84	4	L
45	44	43	0	F
45	44	45	60	U
45	44	56	4	R
45	44	80	4	L
45	46	45	60	U
45	46	47	0	F
45	46	58	4	L
45	46	402	4	R
45	57	45	60	U
45	57	56	4	L
45	57	58	4	R
45	57	83	0	F
45	84	45	60	U
45	84	80	4	R
45	84	85	0	F
45	84	402	4	L
46	45	44	0	F
46	45	46	60	U
46	45	57	4	R
46	45	84	4	L
46	47	46	60	U
46	47	48	0	F
46	47	59	4	L
46	47	401	4	R
46	58	46	60	U
46	58	57	4	L
46	58	59	4	R
46	58	437	0	F
46	402	46	60	U
46	402	84	4	R
46	402	401	4	L
46	402	493	0	F
47	46	45	0	F
47	46	47	60	U
47	46	58	4	R
47	46	402	4	L
47	48	47	60	U
47	48	49	0	F
47	48	60	4	L
47	48	405	4	R
47	59	47	60	U
47	59	58	4	L
47	59	60	4	R
47	59	515	0	F
47	401	47	60	U
47	401	402	4	R
47	401	405	4	L
47	401	521	0	F
48	47	46	0	F
48	47	48	60	U
48	47	59	4	R
48	47	401	4	L
48	49	48	60	U
48	49	50	0	F
48	49	404	4	R
48	49	446	4	L
48	60	48	60	U
48	60	59	4	L
48	60	61	4	R
48	60	494	0	F
48	405	48	60	U
48	405	68	0	F
48	405	401	4	R
48	405	404	4	L
49	48	47	0	F
49	48	49	60	U
49	48	60	4	R
49	48	405	4	L
49	50	49	60	U
49	50	403	4	R
49	50	447	4	L
49	404	49	60	U
49	404	403	4	L
49	404	405	4	R
49	404	496	0	F
49	446	49	60	U
49	446	61	0	F
49	446	447	4	R
50	49	48	0	F
50	49	50	60	U
50	49	404	4	L
50	49	446	4	R
50	403	33	4	L
50	403	50	60	U
50	403	404	4	R
50	403	463	0	F
50	447	50	60	U
50	447	62	0	F
50	447	446	4	L
51	52	40	4	R
51	52	51	60	U
51	52	53	0	F
51	52	66	4	L
51	65	51	60	U
51	65	64	4	R
51	70	51	60	U
51	70	69	0	F
51	70	71	4	R
51	71	51	60	U
51	71	66	4	R
51	71	70	4	L
52	40	39	4	R
52	40	41	4	L
52	40	52	60	U
52	51	52	60	U
52	51	65	4	L
52	51	70	4	R
52	51	71	4	R
52	53	41	4	R
52	53	52	60	U
52	53	54	0	F
52	53	77	4	L
52	66	52	60	U
52	66	67	0	F
52	66	71	4	L
52	66	77	4	R
53	41	40	4	R
53	41	42	4	L
53	41	53	60	U
53	41	76	0	F
53	52	40	4	L
53	52	51	0	F
53	52	53	60	U
53	52	66	4	R
53	54	42	4	R
53	54	53	60	U
53	54	55	0	F
53	54	514	4	L
53	77	53	60	U
53	77	66	4	L
53	77	78	0	F
53	77	514	4	R
54	42	41	4	R
54	42	43	4	L
54	42	54	60	U
54	42	427	0	F
54	53	41	4	L
54	53	52	0	F
54	53	54	60	U
54	53	77	4	R
54	55	43	4	R
54	55	54	60	U
54	55	56	0	F
54	55	73	4	L
54	514	54	60	U
54	514	73	4	R
54	514	77	4	L
54	514	517	0	F
55	43	42	4	R
55	43	44	4	L
55	43	55	60	U
55	43	74	0	F
55	54	42	4	L
55	54	53	0	F
55	54	55	60	U
55	54	514	4	R
55	56	44	4	R
55	56	55	60	U
55	56	57	0	F
55	56	79	4	L
55	73	55	60	U
55	73	72	0	F
55	73	79	4	R
55	73	514	4	L
56	44	43	4	R
56	44	45	4	L
56	44	56	60	U
56	44	80	0	F
56	55	43	4	L
56	55	54	0	F
56	55	56	60	U
56	55	73	4	R
56	57	45	4	R
56	57	56	60	U
56	57	58	0	F
56	57	83	4	L
56	79	56	60	U
56	79	73	4	L
56	79	83	4	R
57	45	44	4	R
57	45	46	4	L
57	45	57	60	U
57	45	84	0	F
57	56	44	4	L
57	56	55	0	F
57	56	57	60	U
57	56	79	4	R
57	58	46	4	R
57	58	57	60	U
57	58	59	0	F
57	58	437	4	L
57	83	57	60	U
57	83	79	4	L
57	83	82	0	F
57	83	437	4	R
58	46	45	4	R
58	46	47	4	L
58	46	58	60	U
58	46	402	0	F
58	57	45	4	L
58	57	56	0	F
58	57	58	60	U
58	57	83	4	R
58	59	47	4	R
58	59	58	60	U
58	59	60	0	F
58	59	515	4	L
58	437	58	60	U
58	437	83	4	L
58	437	87	0	F
58	437	515	4	R
59	47	46	4	R
59	47	48	4	L
59	47	59	60	U
59	47	401	0	F
59	58	46	4	L
59	58	57	0	F
59	58	59	60	U
59	58	437	4	R
59	60	48	4	R
59	60	59	60	U
59	60	61	0	F
59	60	494	4	L
59	515	59	60	U
59	515	88	0	F
59	515	437	4	L
59	515	494	4	R
60	48	47	4	R
60	48	49	4	L
60	48	60	60	U
60	48	405	0	F
60	59	47	4	L
60	59	58	0	F
60	59	60	60	U
60	59	515	4	R
60	61	60	60	U
60	61	62	0	F
60	61	446	4	R
60	61	516	4	L
60	494	60	60	U
60	494	89	0	F
60	494	515	4	L
60	494	516	4	R
61	60	48	4	L
61	60	59	0	F
61	60	61	60	U
61	60	494	4	R
61	62	61	60	U
61	62	63	0	F
61	62	183	4	L
61	62	447	4	R
61	446	49	0	F
61	446	61	60	U
61	446	447	4	L
61	516	61	60	U
61	516	183	4	R
61	516	494	4	L
61	516	495	0	F
62	61	60	0	F
62	61	62	60	U
62	61	446	4	L
62	61	516	4	R
62	63	62	60	U
62	63	399	4	R
62	63	466	4	L
62	183	62	60	U
62	183	181	0	F
62	183	466	4	R
62	183	516	4	L
62	447	50	0	F
62	447	62	60	U
62	447	446	4	R
63	62	61	0	F
63	62	63	60	U
63	62	183	4	R
63	62	447	4	L
63	399	33	0	F
63	399	63	60	U
63	399	400	4	L
63	466	35	0	F
63	466	63	60	U
63	466	183	4	L
63	466	440	4	R
64	65	51	4	L
64	65	64	60	U
65	51	52	4	R
65	51	65	60	U
65	51	70	4	L
65	51	71	0	F
65	64	65	60	U
66	52	40	0	F
66	52	51	4	R
66	52	53	4	L
66	52	66	60	U
66	67	66	60	U
66	67	517	4	R
66	71	51	4	L
66	71	66	60	U
66	71	70	0	F
66	77	53	4	R
66	77	66	60	U
66	77	78	4	L
66	77	514	0	F
67	66	52	0	F
67	66	67	60	U
67	66	71	4	R
67	66	77	4	L
67	517	67	60	U
67	517	82	0	F
67	517	514	4	R
68	405	48	0	F
68	405	68	60	U
68	405	401	4	L
68	405	404	4	R
68	496	68	60	U
68	496	404	4	L
69	70	51	0	F
69	70	69	60	U
69	70	71	4	L
70	51	52	4	L
70	51	65	4	R
70	51	70	60	U
70	51	71	4	L
70	69	70	60	U
70	71	51	4	R
70	71	66	0	F
70	71	70	60	U
71	51	52	4	L
71	51	65	0	F
71	51	70	4	R
71	51	71	60	U
71	66	52	4	R
71	66	67	4	L
71	66	71	60	U
71	66	77	0	F
71	70	51	4	L
71	70	69	4	R
71	70	71	60	U
72	73	55	0	F
72	73	72	60	U
72	73	79	4	L
72	73	514	4	R
73	55	43	0	F
73	55	54	4	R
73	55	56	4	L
73	55	73	60	U
73	72	73	60	U
73	79	56	4	R
73	79	73	60	U
73	79	83	0	F
73	514	54	4	L
73	514	73	60	U
73	514	77	0	F
73	514	517	4	R
74	43	42	4	L
74	43	44	4	R
74	43	55	0	F
74	43	74	60	U
74	75	74	60	U
74	80	44	4	L
74	80	74	60	U
74	80	81	4	R
74	80	84	0	F
74	427	42	4	R
74	427	74	60	U
74	427	76	0	F
74	427	520	4	L
75	74	43	0	F
75	74	75	60	U
75	74	80	4	R
75	74	427	4	L
76	41	40	4	L
76	41	42	4	R
76	41	53	0	F
76	41	76	60	U
76	427	42	4	L
76	427	74	0	F
76	427	76	60	U
76	427	520	4	R
77	53	41	0	F
77	53	52	4	R
77	53	54	4	L
77	53	77	60	U
77	66	52	4	L
77	66	67	4	R
77	66	71	0	F
77	66	77	60	U
77	78	77	60	U
77	514	54	4	R
77	514	73	0	F
77	514	77	60	U
77	514	517	4	L
78	77	53	0	F
78	77	66	4	R
78	77	78	60	U
78	77	514	4	L
79	56	44	0	F
79	56	55	4	R
79	56	57	4	L
79	56	79	60	U
79	73	55	4	L
79	73	72	4	R
79	73	79	60	U
79	73	514	0	F
79	83	57	4	R
79	83	79	60	U
79	83	82	4	L
79	83	437	0	F
80	44	43	4	L
80	44	45	4	R
80	44	56	0	F
80	44	80	60	U
80	74	43	4	R
80	74	75	4	L
80	74	80	60	U
80	74	427	0	F
80	81	80	60	U
80	84	45	4	L
80	84	80	60	U
80	84	85	4	R
80	84	402	0	F
81	80	44	0	F
81	80	74	4	L
81	80	81	60	U
81	80	84	4	R
82	83	57	0	F
82	83	79	4	R
82	83	82	60	U
82	83	437	4	L
82	86	82	60	U
82	86	87	4	R
82	86	518	0	F
82	517	67	0	F
82	517	82	60	U
82	517	514	4	L
83	57	45	0	F
83	57	56	4	R
83	57	58	4	L
83	57	83	60	U
83	79	56	4	L
83	79	73	0	F
83	79	83	60	U
83	82	83	60	U
83	82	86	4	R
83	82	517	4	L
83	437	58	4	R
83	437	83	60	U
83	437	87	4	L
83	437	515	0	F
84	45	44	4	L
84	45	46	4	R
84	45	57	0	F
84	45	84	60	U
84	80	44	4	R
84	80	74	0	F
84	80	81	4	L
84	80	84	60	U
84	85	84	60	U
84	402	46	4	L
84	402	84	60	U
84	402	401	0	F
84	402	493	4	R
85	84	45	0	F
85	84	80	4	L
85	84	85	60	U
85	84	402	4	R
86	82	83	4	L
86	82	86	60	U
86	82	517	4	R
86	87	86	60	U
86	87	88	0	F
86	87	437	4	R
86	518	86	60	U
86	518	88	4	R
86	518	436	0	F
87	86	82	4	L
87	86	87	60	U
87	86	518	8	R
87	88	87	60	U
87	88	89	0	F
87	88	515	4	R
87	88	518	4	L
87	437	58	0	F
87	437	83	4	R
87	437	87	60	U
87	437	515	4	L
88	87	86	0	F
88	87	88	60	U
88	87	437	4	L
88	89	88	60	U
88	89	436	4	L
88	89	494	4	R
88	89	495	0	F
88	515	59	0	F
88	515	88	60	U
88	515	437	4	R
88	515	494	4	L
88	518	86	4	L
88	518	88	60	U
88	518	436	4	R
89	88	87	0	F
89	88	89	60	U
89	88	515	4	L
89	88	518	4	R
89	436	89	60	U
89	436	518	4	L
89	436	519	4	R
89	494	60	0	F
89	494	89	60	U
89	494	515	4	R
89	494	516	4	L
89	495	89	60	U
89	495	181	0	F
89	495	516	4	R
89	495	519	4	L
90	91	439	0	F
90	91	441	4	L
91	439	34	0	F
91	439	91	60	U
91	439	228	4	R
91	439	465	4	L
91	441	349	0	F
92	110	92	60	U
92	110	102	4	R
92	110	548	0	F
92	350	92	60	U
92	350	114	0	F
93	94	93	60	U
93	94	95	0	F
93	94	511	4	R
93	351	93	60	U
93	351	352	4	L
93	546	93	60	U
93	546	547	0	F
94	93	94	60	U
94	93	351	4	L
94	93	546	4	R
94	95	94	60	U
94	95	96	0	F
94	95	115	4	L
94	511	94	60	U
94	511	104	4	L
94	511	352	0	F
95	94	93	0	F
95	94	95	60	U
95	94	511	4	L
95	96	95	60	U
95	96	97	0	F
95	96	103	4	L
95	96	104	4	R
95	115	95	60	U
95	115	103	4	R
95	115	114	4	L
96	95	94	0	F
96	95	96	60	U
96	95	115	4	R
96	97	96	60	U
96	97	116	4	L
96	103	96	60	U
96	103	102	0	F
96	103	115	4	L
96	103	116	4	R
96	104	96	60	U
96	104	105	0	F
96	104	511	4	R
97	96	95	0	F
97	96	97	60	U
97	96	103	4	R
97	96	104	4	L
97	116	97	60	U
97	116	103	4	L
97	116	111	0	F
97	116	117	4	R
98	99	98	60	U
98	99	100	0	F
98	99	112	4	L
98	99	123	4	R
98	113	98	60	U
98	113	112	4	R
98	113	148	0	F
98	124	98	60	U
98	124	123	4	L
98	124	125	4	R
98	124	141	0	F
99	98	99	60	U
99	98	113	4	R
99	98	124	4	L
99	100	99	60	U
99	100	101	0	F
99	100	111	4	L
99	100	122	4	R
99	112	99	60	U
99	112	111	4	R
99	112	113	4	L
99	112	117	0	F
99	123	99	60	U
99	123	122	4	L
99	123	124	4	R
99	123	140	0	F
100	99	98	0	F
100	99	100	60	U
100	99	112	4	R
100	99	123	4	L
100	101	100	60	U
100	101	548	4	L
100	101	549	4	R
100	111	100	60	U
100	111	102	4	R
100	111	112	4	L
100	111	116	0	F
100	122	100	60	U
100	122	123	4	R
100	122	139	0	F
101	100	99	0	F
101	100	101	60	U
101	100	111	4	R
101	100	122	4	L
101	548	101	60	U
101	548	110	0	F
101	549	101	60	U
101	549	488	0	F
102	103	96	0	F
102	103	102	60	U
102	103	115	4	R
102	103	116	4	L
102	110	92	4	L
102	110	102	60	U
102	110	548	4	R
102	111	100	4	L
102	111	102	60	U
102	111	112	0	F
102	111	116	4	R
103	96	95	4	R
103	96	97	4	L
103	96	103	60	U
103	96	104	0	F
103	102	103	60	U
103	102	110	4	L
103	102	111	4	R
103	115	95	4	L
103	115	103	60	U
103	115	114	0	F
103	116	97	4	R
103	116	103	60	U
103	116	111	4	L
103	116	117	0	F
104	96	95	4	L
104	96	97	4	R
104	96	103	0	F
104	96	104	60	U
104	105	104	60	U
104	105	352	4	R
104	511	94	4	R
104	511	104	60	U
104	511	352	4	L
105	104	96	0	F
105	104	105	60	U
105	104	511	4	L
105	352	105	60	U
105	352	351	0	F
105	352	511	4	R
106	107	108	0	F
106	107	178	4	L
106	261	262	4	R
106	261	335	0	F
107	108	109	0	F
107	108	377	4	R
107	178	274	4	R
107	178	275	0	F
107	178	381	4	L
108	109	227	0	F
108	109	269	4	L
108	377	378	4	R
108	377	379	4	L
109	227	217	4	L
109	227	226	4	R
109	227	534	0	F
109	269	260	0	F
109	269	274	4	L
110	92	110	60	U
110	92	350	0	F
110	102	103	4	R
110	102	110	60	U
110	102	111	0	F
110	548	101	0	F
110	548	110	60	U
111	100	99	4	R
111	100	101	4	L
111	100	111	60	U
111	100	122	0	F
111	102	103	4	L
111	102	110	0	F
111	102	111	60	U
111	112	99	4	L
111	112	111	60	U
111	112	113	0	F
111	112	117	4	R
111	116	97	0	F
111	116	103	4	R
111	116	111	60	U
111	116	117	4	L
112	99	98	4	R
112	99	100	4	L
112	99	112	60	U
112	99	123	0	F
112	111	100	4	R
112	111	102	0	F
112	111	112	60	U
112	111	116	4	L
112	113	98	4	L
112	113	112	60	U
112	113	148	4	R
112	117	112	60	U
112	117	116	4	R
112	117	118	4	L
113	98	99	4	L
113	98	113	60	U
113	98	124	0	F
113	112	99	4	R
113	112	111	0	F
113	112	113	60	U
113	112	117	4	L
113	148	113	60	U
113	148	118	0	F
114	115	95	4	R
114	115	103	0	F
114	115	114	60	U
114	350	92	0	F
114	350	114	60	U
114	547	114	60	U
114	547	546	0	F
115	95	94	4	R
115	95	96	4	L
115	95	115	60	U
115	103	96	4	R
115	103	102	4	L
115	103	115	60	U
115	103	116	0	F
115	114	115	60	U
115	114	350	4	R
115	114	547	4	L
116	97	96	4	R
116	97	116	60	U
116	103	96	4	L
116	103	102	4	R
116	103	115	0	F
116	103	116	60	U
116	111	100	0	F
116	111	102	4	L
116	111	112	4	R
116	111	116	60	U
116	117	112	4	L
116	117	116	60	U
116	117	118	0	F
117	112	99	0	F
117	112	111	4	L
117	112	113	4	R
117	112	117	60	U
117	116	97	4	L
117	116	103	0	F
117	116	111	4	R
117	116	117	60	U
117	118	117	60	U
117	118	148	4	L
118	117	112	4	R
118	117	116	0	F
118	117	118	60	U
118	148	113	0	F
118	148	118	60	U
119	120	119	60	U
119	120	121	0	F
119	120	135	4	L
119	120	149	4	R
119	125	119	60	U
119	125	124	0	F
119	125	142	4	R
119	134	119	60	U
119	134	126	0	F
119	134	135	4	R
119	134	142	4	L
120	119	120	60	U
120	119	125	0	F
120	119	134	4	R
120	121	120	60	U
120	121	136	4	L
120	121	150	4	R
120	135	120	60	U
120	135	127	0	F
120	135	134	4	L
120	135	136	4	R
120	149	120	60	U
120	149	150	4	L
120	149	156	0	F
121	120	119	0	F
121	120	121	60	U
121	120	135	4	R
121	120	149	4	L
121	136	121	60	U
121	136	128	0	F
121	136	135	4	L
121	136	137	4	R
121	150	121	60	U
121	150	149	4	R
121	150	462	0	F
122	100	99	4	L
122	100	101	4	R
122	100	111	0	F
122	100	122	60	U
122	123	99	4	R
122	123	122	60	U
122	123	124	0	F
122	123	140	4	L
122	139	122	60	U
122	139	130	0	F
122	139	138	4	L
122	139	140	4	R
123	99	98	4	L
123	99	100	4	R
123	99	112	0	F
123	99	123	60	U
123	122	100	4	L
123	122	123	60	U
123	122	139	4	R
123	124	98	4	R
123	124	123	60	U
123	124	125	4	R
123	124	141	4	L
123	140	123	60	U
123	140	131	0	F
123	140	139	4	L
123	140	141	4	R
124	98	99	4	R
124	98	113	0	F
124	98	124	60	U
124	123	99	4	L
124	123	122	0	F
124	123	124	60	U
124	123	140	4	R
124	125	119	0	F
124	125	124	60	U
124	125	142	4	L
124	141	124	60	U
124	141	132	0	F
124	141	140	4	L
124	141	142	4	R
125	119	120	0	F
125	119	125	60	U
125	119	134	4	L
125	124	98	4	L
125	124	123	4	L
125	124	125	60	U
125	124	141	4	R
125	142	125	60	U
125	142	133	0	F
125	142	134	4	R
125	142	141	4	L
126	127	126	60	U
126	127	128	0	F
126	127	135	4	R
126	127	154	4	L
126	133	126	60	U
126	133	132	0	F
126	133	142	4	L
126	133	500	4	R
126	134	119	0	F
126	134	126	60	U
126	134	135	4	L
126	134	142	4	R
126	151	126	60	U
126	151	154	4	R
126	151	155	4	L
127	126	127	60	U
127	126	133	0	F
127	126	134	4	L
127	126	151	4	R
127	128	127	60	U
127	128	129	0	F
127	128	136	4	R
127	128	153	4	L
127	135	120	0	F
127	135	127	60	U
127	135	134	4	R
127	135	136	4	L
127	154	127	60	U
127	154	151	4	L
127	154	153	4	R
128	127	126	0	F
128	127	128	60	U
128	127	135	4	L
128	127	154	4	R
128	129	128	60	U
128	129	137	4	R
128	129	152	4	L
128	136	121	0	F
128	136	128	60	U
128	136	135	4	R
128	136	137	4	L
128	153	128	60	U
128	153	152	4	R
128	153	154	4	L
128	153	540	0	F
129	128	127	0	F
129	128	129	60	U
129	128	136	4	L
129	128	153	4	R
129	137	129	60	U
129	137	136	4	R
129	137	353	0	F
129	152	129	60	U
129	152	153	4	L
129	152	354	0	F
130	131	130	60	U
130	131	132	0	F
130	131	140	4	R
130	131	499	4	L
130	139	122	0	F
130	139	130	60	U
130	139	138	4	R
130	139	140	4	L
130	146	130	60	U
130	146	499	4	R
130	146	502	0	F
131	130	131	60	U
131	130	139	4	L
131	130	146	4	R
131	132	131	60	U
131	132	133	0	F
131	132	141	4	R
131	132	147	4	L
131	140	123	0	F
131	140	131	60	U
131	140	139	4	R
131	140	141	4	L
131	499	131	60	U
131	499	145	0	F
131	499	147	4	R
132	131	130	0	F
132	131	132	60	U
132	131	140	4	L
132	131	499	4	R
132	133	126	0	F
132	133	132	60	U
132	133	142	4	R
132	133	500	4	L
132	141	124	0	F
132	141	132	60	U
132	141	140	4	R
132	141	142	4	L
132	147	132	60	U
132	147	500	4	R
133	126	127	0	F
133	126	133	60	U
133	126	134	4	R
133	126	151	4	L
133	132	131	0	F
133	132	133	60	U
133	132	141	4	L
133	132	147	4	R
133	142	125	0	F
133	142	133	60	U
133	142	134	4	L
133	142	141	4	R
133	500	133	60	U
133	500	501	4	R
133	500	536	0	F
134	119	120	4	L
134	119	125	4	R
134	119	134	60	U
134	126	127	4	R
134	126	133	4	L
134	126	134	60	U
134	126	151	0	F
134	135	120	4	R
134	135	127	4	L
134	135	134	60	U
134	135	136	0	F
134	142	125	4	L
134	142	133	4	R
134	142	134	60	U
134	142	141	0	F
135	120	119	4	R
135	120	121	4	L
135	120	135	60	U
135	120	149	0	F
135	127	126	4	L
135	127	128	4	R
135	127	135	60	U
135	127	154	0	F
135	134	119	4	L
135	134	126	4	R
135	134	135	60	U
135	134	142	0	F
135	136	121	4	R
135	136	128	4	L
135	136	135	60	U
135	136	137	0	F
136	121	120	4	R
136	121	136	60	U
136	121	150	0	F
136	128	127	4	L
136	128	129	4	R
136	128	136	60	U
136	128	153	0	F
136	135	120	4	L
136	135	127	4	R
136	135	134	0	F
136	135	136	60	U
136	137	129	4	L
136	137	136	60	U
136	137	353	4	R
137	129	128	4	L
137	129	137	60	U
137	129	152	0	F
137	136	121	4	L
137	136	128	4	R
137	136	135	0	F
137	136	137	60	U
137	353	137	60	U
137	353	462	4	R
138	139	122	4	R
138	139	130	4	L
138	139	138	60	U
138	139	140	0	F
138	498	138	60	U
138	498	146	4	R
138	550	138	60	U
138	550	488	0	F
139	122	100	0	F
139	122	123	4	L
139	122	139	60	U
139	130	131	4	R
139	130	139	60	U
139	130	146	0	F
139	138	139	60	U
139	138	498	4	R
139	138	550	4	L
139	140	123	4	R
139	140	131	4	L
139	140	139	60	U
139	140	141	0	F
140	123	99	0	F
140	123	122	4	R
140	123	124	4	L
140	123	140	60	U
140	131	130	4	L
140	131	132	4	R
140	131	140	60	U
140	131	499	0	F
140	139	122	4	L
140	139	130	4	R
140	139	138	0	F
140	139	140	60	U
140	141	124	4	R
140	141	132	4	L
140	141	140	60	U
140	141	142	0	F
141	124	98	0	F
141	124	123	4	R
141	124	125	4	L
141	124	141	60	U
141	132	131	4	L
141	132	133	4	R
141	132	141	60	U
141	132	147	0	F
141	140	123	4	L
141	140	131	4	R
141	140	139	0	F
141	140	141	60	U
141	142	125	4	R
141	142	133	4	L
141	142	134	0	F
141	142	141	60	U
142	125	119	4	L
142	125	124	4	R
142	125	142	60	U
142	133	126	4	R
142	133	132	4	L
142	133	142	60	U
142	133	500	0	F
142	134	119	4	R
142	134	126	4	L
142	134	135	0	F
142	134	142	60	U
142	141	124	4	L
142	141	132	4	R
142	141	140	0	F
142	141	142	60	U
143	144	143	60	U
143	144	145	0	F
143	144	291	4	L
143	144	292	4	R
143	531	143	60	U
143	531	291	4	R
143	531	390	0	F
143	531	434	4	L
144	143	144	60	U
144	143	531	4	R
144	145	144	60	U
144	145	499	0	F
144	145	502	4	R
144	291	144	60	U
144	291	290	0	F
144	291	531	4	L
144	291	536	4	R
144	292	144	60	U
144	292	301	4	R
145	144	143	0	F
145	144	145	60	U
145	144	291	4	R
145	144	292	4	L
145	499	131	0	F
145	499	145	60	U
145	499	147	4	L
145	502	146	4	L
145	502	537	0	F
146	130	131	4	L
146	130	139	0	F
146	130	146	60	U
146	499	131	4	R
146	499	145	4	L
146	499	147	0	F
146	502	146	60	U
146	502	537	4	L
147	132	131	4	R
147	132	133	4	L
147	132	141	0	F
147	132	147	60	U
147	500	133	4	R
147	500	501	0	F
147	500	536	4	L
148	113	98	0	F
148	113	112	4	L
148	113	148	60	U
148	118	117	4	R
148	118	148	60	U
149	120	119	4	L
149	120	121	4	R
149	120	135	0	F
149	120	149	60	U
149	150	121	4	L
149	150	149	60	U
149	150	462	4	R
149	156	149	60	U
149	156	462	4	L
150	121	120	4	L
150	121	136	0	F
150	121	150	60	U
150	149	120	4	R
150	149	150	60	U
150	149	156	4	L
150	462	150	60	U
150	462	156	4	R
150	462	353	4	L
151	126	127	4	L
151	126	133	4	R
151	126	134	0	F
151	126	151	60	U
151	154	127	4	R
151	154	151	60	U
151	154	153	0	F
151	155	151	60	U
151	155	551	4	R
152	129	128	4	R
152	129	137	0	F
152	129	152	60	U
152	153	128	4	L
152	153	152	60	U
152	153	154	0	F
152	153	540	4	R
152	354	152	60	U
152	354	540	4	L
153	128	127	4	R
153	128	129	4	L
153	128	136	0	F
153	128	153	60	U
153	152	129	4	R
153	152	153	60	U
153	152	354	4	L
153	154	127	4	L
153	154	151	0	F
153	154	153	60	U
153	540	153	60	U
153	540	354	4	R
154	127	126	4	R
154	127	128	4	L
154	127	135	0	F
154	127	154	60	U
154	151	126	4	L
154	151	154	60	U
154	151	155	0	F
154	153	128	4	R
154	153	152	0	F
154	153	154	60	U
154	153	540	4	L
155	151	126	4	R
155	151	154	0	F
155	151	155	60	U
155	551	155	0	O
155	551	461	0	O
156	149	120	0	F
156	149	150	4	R
156	149	156	60	U
156	462	150	4	L
156	462	156	60	U
156	462	353	0	F
157	158	159	0	F
157	158	444	4	R
157	188	187	4	L
157	188	407	4	R
158	159	414	4	L
158	444	158	60	U
158	444	187	0	F
158	444	481	4	L
159	414	412	4	L
159	414	484	4	R
159	414	513	0	F
160	481	161	8	L
160	481	444	0	F
161	482	525	0	F
162	163	162	60	U
162	163	187	0	F
162	202	162	60	U
162	202	203	4	R
162	202	244	4	R
163	162	163	60	U
163	162	202	0	F
163	187	163	60	U
163	187	188	4	L
163	187	444	4	R
164	165	22	0	F
164	165	164	60	U
164	165	411	4	L
164	165	457	4	R
164	458	164	60	U
164	458	455	4	R
164	458	457	4	L
164	458	473	0	F
164	459	164	60	U
164	459	410	0	F
165	22	17	4	L
165	22	165	60	U
165	164	165	60	U
165	164	458	4	L
165	164	459	4	R
165	411	165	60	U
165	411	410	4	L
165	411	470	0	F
165	457	165	60	U
165	457	458	4	R
166	167	166	60	U
166	167	184	4	L
166	167	185	4	R
166	206	166	60	U
166	206	205	0	F
166	206	215	4	L
166	206	450	4	R
166	450	166	60	U
166	450	206	4	L
167	166	167	60	U
167	166	206	0	F
167	166	450	4	R
167	184	167	60	U
167	184	193	4	R
167	185	167	60	U
167	185	192	4	L
167	185	216	4	R
168	30	23	4	R
168	30	168	60	U
168	197	168	60	U
168	197	173	4	L
168	212	24	4	L
168	212	168	60	U
168	212	174	4	R
168	212	210	0	F
169	170	413	4	R
169	246	169	60	U
169	246	247	0	F
169	246	364	4	L
169	246	408	4	R
169	429	169	60	U
169	429	189	4	R
169	429	201	0	F
170	413	407	0	F
170	413	429	4	R
171	363	420	0	F
172	173	172	60	U
172	173	174	0	F
172	173	196	4	R
172	173	197	4	L
172	186	27	4	R
172	186	172	60	U
172	186	480	4	L
173	172	173	60	U
173	172	186	4	L
173	174	173	60	U
173	174	175	0	F
173	174	212	4	L
173	174	264	4	R
173	196	173	60	U
173	196	195	0	F
173	196	264	4	L
173	197	168	4	R
173	197	173	60	U
174	173	172	0	F
174	173	174	60	U
174	173	196	4	L
174	173	197	4	R
174	175	174	60	U
174	175	176	0	F
174	175	209	4	R
174	175	210	4	L
174	212	24	0	F
174	212	168	4	L
174	212	174	60	U
174	212	210	4	R
174	264	174	60	U
174	264	196	4	R
174	264	209	4	L
174	264	430	0	F
175	174	173	0	F
175	174	175	60	U
175	174	212	4	R
175	174	264	4	L
175	176	25	4	R
175	176	175	60	U
175	176	213	4	L
175	176	245	0	F
175	209	25	4	L
175	209	175	60	U
175	209	208	0	F
175	209	264	4	R
175	210	175	60	U
175	210	211	0	F
175	210	212	4	L
175	210	213	4	R
176	25	26	4	L
176	25	176	60	U
176	25	209	4	R
176	25	431	0	F
176	175	174	0	F
176	175	176	60	U
176	175	209	4	L
176	175	210	4	R
176	213	176	60	U
176	213	204	0	F
176	213	210	4	L
176	213	214	4	R
176	245	176	60	U
176	245	203	0	F
176	245	214	4	L
176	245	244	4	R
177	107	108	4	R
177	107	178	0	F
177	335	262	0	F
177	335	361	4	L
178	274	108	4	R
178	274	178	60	U
178	274	275	4	L
178	275	380	0	F
178	381	106	4	L
179	180	179	60	U
179	180	295	0	F
179	200	543	4	L
180	179	180	60	U
180	179	200	0	F
180	295	180	60	U
180	295	306	0	F
181	182	181	60	U
181	182	207	4	R
181	182	492	0	F
181	182	519	4	L
181	183	62	0	F
181	183	181	60	U
181	183	466	4	L
181	183	516	4	R
181	228	35	4	R
181	228	181	60	U
181	228	207	4	L
181	228	439	0	F
181	495	89	0	F
181	495	181	60	U
181	495	516	4	L
181	495	519	4	R
182	181	182	60	U
182	181	183	0	F
182	181	228	4	L
182	181	495	4	R
182	207	91	0	F
182	207	228	4	R
182	492	182	60	U
182	492	491	0	F
182	519	182	60	U
182	519	436	0	F
182	519	491	4	R
182	519	495	4	L
183	62	61	4	R
183	62	63	4	L
183	62	183	60	U
183	62	447	0	F
183	181	182	0	F
183	181	183	60	U
183	181	228	4	R
183	181	495	4	L
183	466	35	4	L
183	466	63	4	R
183	466	183	60	U
183	466	440	0	F
183	516	61	4	L
183	516	183	60	U
183	516	494	0	F
183	516	495	4	R
184	167	166	4	R
184	167	184	60	U
184	167	185	0	F
184	193	184	60	U
184	193	192	4	R
184	193	201	0	F
185	167	166	4	L
185	167	184	0	F
185	167	185	60	U
185	192	185	60	U
185	192	193	4	L
185	192	406	0	F
185	216	185	60	U
185	216	203	0	F
185	216	215	4	R
186	27	28	4	R
186	27	186	60	U
186	172	173	4	R
186	172	186	60	U
186	480	186	60	U
186	480	542	0	F
187	163	162	0	F
187	163	187	60	U
187	188	187	60	U
187	188	407	0	F
187	444	158	0	F
187	444	187	60	U
187	444	481	4	R
188	187	163	4	R
188	187	188	60	U
188	187	444	4	L
188	407	406	4	L
188	407	413	4	R
189	190	189	60	U
189	190	201	4	L
189	190	453	4	R
189	199	189	60	U
189	199	453	4	L
189	429	169	4	L
189	429	189	60	U
189	429	201	4	R
190	189	190	60	U
190	189	199	4	L
190	189	429	4	R
190	201	190	60	U
190	201	193	4	R
190	201	406	0	F
190	201	429	4	L
190	453	190	60	U
190	453	199	4	R
190	453	368	0	F
191	90	91	4	L
191	349	191	60	U
191	349	346	4	L
192	185	167	4	R
192	185	192	60	U
192	185	216	0	F
192	193	184	4	L
192	193	192	60	U
192	193	201	4	R
192	406	188	4	R
192	406	192	60	U
192	406	201	4	L
192	406	407	0	F
193	184	167	4	L
193	184	193	60	U
193	192	185	4	R
193	192	193	60	U
193	192	406	4	L
193	201	190	4	L
193	201	193	60	U
193	201	406	4	R
193	201	429	0	F
194	195	194	60	U
194	195	196	0	F
194	195	430	4	R
194	400	32	0	F
194	400	194	60	U
194	400	430	4	L
194	542	194	60	U
194	542	480	0	F
195	194	195	60	U
195	194	400	4	L
195	194	542	4	R
195	196	173	0	F
195	196	195	60	U
195	196	264	4	R
195	430	195	60	U
195	430	208	0	F
195	430	264	4	L
196	173	172	4	L
196	173	174	4	R
196	173	196	60	U
196	173	197	0	F
196	195	194	0	F
196	195	196	60	U
196	195	430	4	L
196	264	174	4	L
196	264	196	60	U
196	264	209	0	F
196	264	430	4	R
197	168	30	4	L
197	168	197	60	U
197	168	212	0	F
197	173	172	4	R
197	173	174	4	L
197	173	196	0	F
197	173	197	60	U
198	199	189	0	F
198	199	453	4	R
198	365	331	4	L
198	365	333	4	R
198	454	364	0	F
199	189	190	4	R
199	189	199	60	U
199	189	429	0	F
199	453	190	4	L
199	453	199	60	U
199	453	368	4	R
200	543	448	0	F
200	543	544	0	F
201	190	189	4	R
201	190	201	60	U
201	190	453	0	F
201	193	184	0	F
201	193	192	4	L
201	193	201	60	U
201	406	188	0	F
201	406	192	4	R
201	406	201	60	U
201	406	407	4	L
201	429	169	0	F
201	429	189	4	L
201	429	201	60	U
202	162	163	0	F
202	162	202	60	U
202	203	215	0	F
202	203	216	4	R
202	203	245	4	L
202	244	202	60	U
202	244	245	4	R
203	215	203	60	U
203	215	206	0	F
203	215	214	4	L
203	215	216	4	R
203	216	185	0	F
203	216	203	60	U
203	216	215	4	L
203	245	176	0	F
203	245	203	60	U
203	245	214	4	R
203	245	244	4	L
204	205	204	60	U
204	205	206	0	F
204	213	176	0	F
204	213	204	60	U
204	213	210	4	R
204	213	214	4	L
205	204	205	60	U
205	204	213	4	L
205	206	166	0	F
205	206	205	60	U
205	206	215	4	R
205	206	450	4	L
206	166	167	0	F
206	166	206	60	U
206	166	450	4	L
206	205	204	0	F
206	205	206	60	U
206	215	203	0	F
206	215	206	60	U
206	215	214	4	R
206	215	216	4	L
206	450	166	4	R
206	450	206	60	U
207	91	439	4	R
207	91	441	0	F
207	228	35	0	F
207	228	181	4	R
207	228	207	60	U
207	228	439	4	L
208	209	25	4	R
208	209	175	0	F
208	209	208	60	U
208	209	264	4	L
208	425	208	60	U
208	425	426	4	R
208	425	431	0	F
208	430	195	0	F
208	430	208	60	U
208	430	264	4	R
209	25	26	0	F
209	25	176	4	L
209	25	209	60	U
209	25	431	4	R
209	175	174	4	L
209	175	176	4	R
209	175	209	60	U
209	175	210	0	F
209	208	209	60	U
209	208	425	4	L
209	208	430	4	R
209	264	174	4	R
209	264	196	0	F
209	264	209	60	U
209	264	430	4	L
210	175	174	4	R
210	175	176	4	L
210	175	209	0	F
210	175	210	60	U
210	211	210	60	U
210	211	356	4	L
210	212	24	4	R
210	212	168	0	F
210	212	174	4	L
210	212	210	60	U
210	213	176	4	R
210	213	204	4	L
210	213	210	60	U
210	213	214	0	F
211	210	175	0	F
211	210	211	60	U
211	210	212	4	R
211	210	213	4	L
211	356	24	4	L
211	356	31	0	F
211	356	211	60	U
212	24	23	0	F
212	24	212	60	U
212	24	356	0	F
212	168	30	4	R
212	168	197	0	F
212	168	212	60	U
212	174	173	4	R
212	174	175	4	L
212	174	212	60	U
212	174	264	0	F
212	210	175	4	R
212	210	211	4	L
212	210	212	60	U
212	210	213	0	F
213	176	25	0	F
213	176	175	4	R
213	176	213	60	U
213	176	245	4	L
213	204	205	4	R
213	204	213	60	U
213	210	175	4	L
213	210	211	4	R
213	210	212	0	F
213	210	213	60	U
213	214	213	60	U
213	214	215	0	F
213	214	245	4	R
214	213	176	4	L
214	213	204	4	R
214	213	210	0	F
214	213	214	60	U
214	215	203	4	R
214	215	206	4	L
214	215	214	60	U
214	215	216	0	F
214	245	176	4	R
214	245	203	4	L
214	245	214	60	U
214	245	244	0	F
215	203	215	60	U
215	203	216	4	L
215	203	245	4	R
215	206	166	4	R
215	206	205	4	L
215	206	215	60	U
215	206	450	0	F
215	214	213	0	F
215	214	215	60	U
215	214	245	4	L
215	216	185	4	L
215	216	203	4	R
215	216	215	60	U
216	185	167	4	L
216	185	192	0	F
216	185	216	60	U
216	203	215	4	R
216	203	216	60	U
216	203	245	4	R
216	215	203	4	L
216	215	206	4	R
216	215	214	0	F
216	215	216	60	U
217	218	217	60	U
217	218	219	0	F
217	218	232	4	R
217	227	217	60	U
217	227	226	0	F
217	227	534	4	L
218	217	218	60	U
218	217	227	0	F
218	219	218	60	U
218	219	220	0	F
218	232	218	60	U
218	232	231	4	R
218	232	250	0	F
219	218	217	0	F
219	218	219	60	U
219	218	232	4	L
219	220	219	60	U
219	220	221	0	F
220	219	218	0	F
220	219	220	60	U
220	221	220	60	U
220	221	222	0	F
220	221	238	4	L
221	220	219	0	F
221	220	221	60	U
221	222	221	60	U
221	238	221	60	U
221	238	270	4	R
222	221	220	0	F
222	221	222	60	U
222	221	238	4	R
223	224	223	60	U
223	224	225	0	F
223	224	443	4	R
223	256	223	60	U
223	256	443	4	L
223	422	267	4	R
223	422	423	4	L
224	223	224	60	U
224	223	256	4	L
224	223	422	4	R
224	225	224	60	U
224	225	226	0	F
224	225	239	4	R
224	225	257	4	L
224	443	224	60	U
224	443	256	4	R
224	443	258	4	L
225	224	223	0	F
225	224	225	60	U
225	224	443	4	L
225	226	225	60	U
225	226	227	0	F
225	226	240	4	R
225	226	266	4	L
225	239	225	60	U
225	239	240	4	L
225	239	258	0	F
225	257	225	60	U
225	257	268	4	R
226	225	224	0	F
226	225	226	60	U
226	225	239	4	L
226	225	257	4	R
226	227	217	0	F
226	227	226	60	U
226	227	534	4	R
226	240	226	60	U
226	240	239	4	R
226	240	265	0	F
226	266	109	4	R
226	266	226	60	U
227	217	218	0	F
227	217	227	60	U
227	226	225	0	F
227	226	227	60	U
227	226	240	4	L
227	226	266	4	R
227	534	227	60	U
227	534	273	0	F
227	534	535	0	F
228	35	34	4	L
228	35	228	60	U
228	35	466	0	F
228	181	182	4	R
228	181	183	4	L
228	181	228	60	U
228	181	495	0	F
228	207	91	4	R
228	207	228	60	U
228	439	34	4	R
228	439	91	4	L
228	439	228	60	U
228	439	465	4	R
229	28	29	4	L
229	230	6	4	L
229	230	229	60	U
230	6	7	4	L
230	229	28	4	L
230	229	230	60	U
231	232	218	4	L
231	232	231	60	U
231	232	250	4	R
231	233	231	60	U
231	233	344	4	L
231	233	392	4	R
232	218	217	4	L
232	218	219	4	R
232	218	232	60	U
232	231	232	60	U
232	231	233	0	F
232	250	232	60	U
232	250	341	0	F
233	231	232	0	F
233	231	233	60	U
233	344	233	60	U
233	344	340	0	F
233	392	233	60	U
233	392	535	0	F
234	235	338	0	F
234	369	234	60	U
234	369	416	4	R
235	338	371	0	F
236	237	2	0	F
236	237	370	4	R
236	337	236	60	U
236	337	283	4	L
236	337	287	0	F
237	2	3	4	R
237	2	468	0	F
237	370	371	0	F
237	370	524	4	R
238	221	220	4	R
238	221	222	4	L
238	221	238	60	U
238	270	222	4	R
238	270	271	0	F
239	225	224	4	L
239	225	226	4	R
239	225	239	60	U
239	225	257	0	F
239	240	226	4	L
239	240	239	60	U
239	240	265	4	R
239	258	239	60	U
239	258	259	0	F
239	258	443	4	R
240	226	225	4	L
240	226	227	4	R
240	226	240	60	U
240	226	266	0	F
240	239	225	4	R
240	239	240	60	U
240	239	258	4	L
240	265	240	60	U
240	265	272	4	R
240	265	273	4	L
241	219	218	4	R
241	219	220	4	L
241	220	219	4	R
241	220	221	4	L
242	336	5	4	L
242	336	347	0	F
243	369	234	4	R
243	369	416	0	F
244	202	162	4	L
244	202	203	4	L
244	202	244	60	U
244	245	176	4	L
244	245	203	4	R
244	245	214	0	F
244	245	244	60	U
245	176	25	4	L
245	176	175	0	F
245	176	213	4	R
245	176	245	60	U
245	203	215	4	L
245	203	216	4	L
245	203	245	60	U
245	214	213	4	L
245	214	215	4	R
245	214	245	60	U
245	244	202	4	L
245	244	245	60	U
246	169	170	4	L
246	169	246	60	U
246	169	429	0	F
246	247	246	60	U
246	247	248	0	F
246	247	409	4	R
246	247	421	4	L
246	364	171	4	R
246	364	246	60	U
246	364	334	0	F
246	408	170	4	R
246	408	246	60	U
246	408	409	4	L
246	408	412	0	F
247	246	169	0	F
247	246	247	60	U
247	246	364	4	R
247	246	408	4	L
247	248	247	60	U
247	248	442	4	R
247	409	247	60	U
247	409	408	4	R
247	409	410	4	L
247	409	456	0	F
247	421	247	60	U
247	421	419	0	F
247	421	424	4	R
248	247	246	0	F
248	247	248	60	U
248	247	409	4	L
248	247	421	4	R
248	442	248	60	U
248	442	460	0	F
249	243	369	0	F
250	232	218	0	F
250	232	231	4	L
250	232	250	60	U
250	341	21	0	F
250	341	250	60	U
251	237	2	4	L
251	237	370	0	F
251	252	285	0	F
251	252	287	4	L
251	252	357	4	R
252	285	284	4	L
252	285	358	0	F
252	287	252	60	U
252	287	337	0	F
252	357	252	60	U
252	357	528	4	R
253	254	253	60	U
253	254	255	0	F
253	348	355	4	R
254	253	254	60	U
254	253	348	4	R
254	255	254	60	U
254	255	336	4	R
255	254	253	0	F
255	254	255	60	U
255	336	5	0	F
255	336	347	4	R
256	223	224	4	R
256	223	256	60	U
256	223	422	0	F
256	443	224	4	L
256	443	256	60	U
256	443	258	0	F
257	225	224	4	R
257	225	226	4	L
257	225	239	0	F
257	225	257	60	U
257	268	266	0	F
258	239	225	0	F
258	239	240	4	R
258	239	258	60	U
258	259	258	60	U
258	259	342	0	F
258	443	224	4	R
258	443	256	0	F
258	443	258	60	U
259	258	239	0	F
259	258	259	60	U
259	258	443	4	L
259	342	259	60	U
259	342	343	0	F
260	238	221	4	R
260	238	270	0	F
260	241	219	0	F
260	241	220	0	F
261	262	263	0	F
261	335	262	4	R
261	335	361	0	F
262	263	16	4	R
263	16	433	0	F
263	16	475	4	L
264	174	173	4	L
264	174	175	4	R
264	174	212	0	F
264	174	264	60	U
264	196	173	4	R
264	196	195	4	L
264	196	264	60	U
264	209	25	0	F
264	209	175	4	L
264	209	208	4	R
264	209	264	60	U
264	430	195	4	R
264	430	208	4	L
264	430	264	60	U
265	240	226	0	F
265	240	239	4	L
265	240	265	60	U
265	272	265	60	U
265	272	339	0	F
265	273	265	60	U
265	273	535	4	R
266	109	227	4	R
266	109	269	0	F
266	226	225	4	R
266	226	227	4	L
266	226	240	0	F
266	226	266	60	U
267	257	225	4	R
267	257	268	0	F
267	379	267	60	U
267	379	377	0	F
267	422	267	60	U
267	422	423	0	F
268	266	109	0	F
268	266	226	4	R
269	260	238	0	F
269	260	241	4	R
269	274	108	4	L
269	274	178	0	F
269	274	275	4	R
270	222	221	4	R
270	271	320	4	L
271	320	12	0	F
271	320	387	4	L
272	265	240	4	L
272	265	272	60	U
272	265	273	0	F
272	339	19	0	F
272	339	272	60	U
273	265	240	4	R
273	265	272	0	F
273	265	273	60	U
273	535	273	60	U
273	535	392	4	R
273	535	534	4	L
274	108	109	4	L
274	108	377	0	F
274	178	274	60	U
274	178	275	4	R
274	178	381	0	F
274	275	380	0	F
275	380	382	0	F
276	277	276	60	U
276	277	278	0	F
276	288	276	60	U
276	288	281	0	F
276	288	289	4	L
276	288	545	4	R
277	276	277	60	U
277	276	288	4	R
277	278	277	60	U
277	278	279	4	R
278	277	276	0	F
278	277	278	60	U
278	279	278	60	U
278	279	282	0	F
278	279	359	4	L
279	278	277	4	L
279	278	279	60	U
279	282	279	60	U
279	282	283	4	L
279	282	479	0	F
279	359	279	60	U
279	359	286	4	R
279	359	358	0	F
280	281	280	60	U
280	281	288	4	L
280	281	490	4	R
280	512	280	60	U
280	512	475	0	F
280	512	490	4	L
280	512	508	4	R
280	545	280	60	U
280	545	288	4	R
280	545	509	0	F
281	280	281	60	U
281	280	512	4	L
281	280	545	4	R
281	288	276	0	F
281	288	281	60	U
281	288	289	4	R
281	288	545	4	L
281	490	281	60	U
281	490	433	0	F
281	490	512	4	R
282	279	278	0	F
282	279	282	60	U
282	279	359	4	R
282	283	282	60	U
282	283	286	4	L
282	283	527	4	R
282	479	282	60	U
282	479	527	4	L
283	282	279	4	R
283	282	283	60	U
283	282	479	4	L
283	286	283	60	U
283	286	284	4	R
283	286	359	0	F
283	527	283	60	U
283	527	366	0	F
283	527	479	4	R
284	285	284	60	U
284	285	358	4	L
284	287	252	4	L
284	287	337	4	R
285	284	285	60	U
285	284	287	4	L
285	358	285	60	U
285	358	359	0	F
286	283	282	4	R
286	283	286	60	U
286	283	527	0	F
286	284	285	4	L
286	284	287	0	F
286	359	279	4	L
286	359	286	60	U
286	359	358	4	R
287	252	285	4	L
287	252	287	60	U
287	252	357	0	F
287	337	236	0	F
287	337	283	4	R
287	337	287	60	U
288	276	277	4	L
288	276	288	60	U
288	281	280	4	R
288	281	288	60	U
288	281	490	0	F
288	289	15	4	R
288	545	280	4	L
288	545	288	60	U
288	545	509	4	R
289	15	16	4	R
289	15	289	60	U
289	15	381	0	F
290	291	144	0	F
290	291	290	60	U
290	291	531	4	R
290	291	536	4	L
290	294	290	60	U
290	294	293	0	F
290	294	532	4	L
290	391	501	0	F
290	391	536	4	R
291	144	143	4	R
291	144	145	4	L
291	144	291	60	U
291	144	292	0	F
291	290	291	60	U
291	290	294	0	F
291	290	391	4	R
291	531	143	4	L
291	531	291	60	U
291	531	390	4	R
291	531	434	0	F
291	536	145	4	R
291	536	291	60	U
291	536	500	0	F
292	144	143	4	L
292	144	145	4	R
292	144	291	0	F
292	144	292	60	U
292	301	292	60	U
292	301	302	4	L
293	294	290	0	F
293	294	293	60	U
293	294	532	4	R
293	311	293	60	U
293	311	310	0	F
293	311	532	4	L
293	311	533	4	R
293	312	293	60	U
293	312	539	4	R
294	290	291	0	F
294	290	294	60	U
294	290	391	4	L
294	293	294	60	U
294	293	311	4	L
294	293	312	4	R
294	532	311	4	R
294	532	314	0	F
294	532	390	4	L
295	180	179	0	F
295	180	295	60	U
295	306	295	60	U
295	306	474	4	R
296	297	296	60	U
296	297	389	4	L
296	298	296	60	U
296	298	388	4	L
297	296	297	60	U
297	296	298	0	F
297	389	314	4	L
297	389	390	0	F
297	389	434	4	R
298	296	297	0	F
298	296	298	60	U
298	388	21	4	L
298	388	307	4	R
299	300	299	60	U
299	300	310	4	R
299	300	313	4	L
299	308	299	60	U
299	308	307	0	F
299	308	310	4	L
300	299	300	60	U
300	299	308	4	L
300	310	300	60	U
300	310	308	4	R
300	310	311	4	L
300	310	314	0	F
300	313	300	60	U
300	313	533	4	R
301	292	144	4	L
301	292	301	60	U
301	302	301	60	U
301	302	309	4	R
302	301	292	4	R
302	301	302	60	U
302	309	17	0	F
302	309	302	60	U
303	304	303	60	U
303	304	305	0	F
303	345	303	60	U
303	345	325	4	L
303	345	504	4	R
304	303	304	60	U
304	303	345	4	R
304	305	304	60	U
304	305	445	4	L
305	304	303	0	F
305	304	305	60	U
305	445	305	60	U
305	445	503	0	F
306	295	180	0	F
306	295	306	60	U
306	474	504	4	L
307	308	299	0	F
307	308	307	60	U
307	308	310	4	R
307	388	21	0	F
307	388	307	60	U
308	299	300	4	R
308	299	308	60	U
308	307	308	60	U
308	307	388	0	F
308	310	300	4	L
308	310	308	60	U
308	310	311	0	F
308	310	314	4	R
309	17	18	4	R
309	17	22	4	L
309	17	309	60	U
309	302	301	4	L
309	302	309	60	U
310	300	299	4	L
310	300	310	60	U
310	300	313	0	F
310	308	299	4	R
310	308	307	4	L
310	308	310	60	U
310	311	293	0	F
310	311	310	60	U
310	311	532	4	R
310	311	533	4	L
310	314	298	4	R
310	314	310	60	U
310	314	389	0	F
311	293	294	4	R
311	293	311	60	U
311	293	312	0	F
311	310	300	4	R
311	310	308	0	F
311	310	311	60	U
311	310	314	4	L
311	532	311	60	U
311	532	314	4	R
311	532	390	0	F
311	533	311	60	U
311	533	313	4	L
312	293	294	4	L
312	293	311	0	F
312	293	312	60	U
312	539	312	60	U
312	539	538	0	F
313	300	299	4	R
313	300	310	0	F
313	300	313	60	U
313	533	311	4	R
313	533	313	60	U
314	298	296	4	L
314	298	388	0	F
314	310	300	0	F
314	310	308	4	L
314	310	311	4	R
314	310	314	60	U
314	389	314	60	U
314	389	390	4	L
314	389	434	0	F
315	316	10	0	F
315	316	315	60	U
315	316	322	4	L
315	316	326	4	R
315	321	315	60	U
315	321	322	4	R
315	327	315	60	U
315	327	319	4	L
316	10	11	4	R
316	10	316	60	U
316	315	316	60	U
316	315	321	4	R
316	315	327	4	L
316	322	316	60	U
316	322	321	4	L
316	322	323	4	R
316	322	329	0	F
316	326	11	4	L
316	326	316	60	U
316	326	319	4	R
317	328	317	60	U
317	328	324	0	F
317	329	317	60	U
317	329	322	0	F
318	13	14	4	R
318	13	318	60	U
318	510	318	60	U
318	510	510	4	L
319	326	11	0	F
319	326	316	4	L
319	326	319	60	U
319	327	315	4	R
319	327	319	60	U
320	12	13	4	L
320	387	383	4	L
320	387	386	0	F
321	315	316	4	L
321	315	321	60	U
321	315	327	0	F
321	322	316	4	R
321	322	321	60	U
321	322	323	0	F
321	322	329	4	L
322	316	10	4	L
322	316	315	4	R
322	316	322	60	U
322	316	326	0	F
322	321	315	4	L
322	321	322	60	U
322	323	322	60	U
322	323	393	4	R
322	329	317	0	F
322	329	322	60	U
323	322	316	4	L
323	322	321	0	F
323	322	323	60	U
323	322	329	4	R
323	393	394	0	F
324	325	324	60	U
324	325	345	4	L
324	325	415	4	R
324	328	317	0	F
324	328	324	60	U
325	324	325	60	U
325	324	328	4	L
325	345	303	4	R
325	345	325	60	U
325	345	504	0	F
325	415	325	60	U
325	415	329	4	R
325	415	526	0	F
326	11	12	4	R
326	11	326	60	U
326	316	10	4	R
326	316	315	4	L
326	316	322	0	F
326	316	326	60	U
326	319	326	60	U
326	319	327	0	F
327	315	316	4	R
327	315	321	0	F
327	315	327	60	U
327	319	326	0	F
327	319	327	60	U
328	317	328	60	U
328	317	329	0	F
328	324	325	4	R
328	324	328	60	U
329	317	328	0	F
329	317	329	60	U
329	322	316	0	F
329	322	321	4	R
329	322	323	4	L
329	322	329	60	U
330	331	1	0	F
330	333	334	4	L
331	1	2	0	F
331	1	251	4	R
331	1	332	4	L
332	368	198	0	F
333	334	372	0	F
334	372	373	0	F
334	372	374	4	L
335	262	263	4	L
335	361	375	0	F
336	5	6	4	R
336	5	30	0	F
336	347	191	0	F
336	347	253	4	R
337	236	237	4	L
337	236	337	60	U
337	283	282	0	F
337	283	286	4	R
337	283	527	4	L
337	287	252	0	F
337	287	337	60	U
338	371	4	0	F
338	371	242	4	R
339	19	18	4	R
339	19	20	4	L
339	19	339	60	U
339	272	265	0	F
339	272	339	60	U
340	20	19	4	R
340	20	21	4	L
340	20	340	60	U
340	20	434	0	F
340	344	233	0	F
340	344	340	60	U
341	21	20	4	R
341	21	297	0	F
341	21	341	60	U
341	21	388	4	L
341	250	232	0	F
341	250	341	60	U
342	259	258	0	F
342	259	342	60	U
342	343	18	0	F
342	343	342	60	U
342	343	428	4	R
343	18	17	4	R
343	18	19	4	L
343	18	309	0	F
343	18	343	60	U
343	342	259	0	F
343	342	343	60	U
343	428	343	60	U
343	428	472	4	R
344	233	231	4	R
344	233	344	60	U
344	233	392	0	F
344	340	20	0	F
344	340	344	60	U
345	303	304	4	L
345	303	345	60	U
345	325	324	4	R
345	325	345	60	U
345	325	415	0	F
345	504	345	60	U
345	504	503	4	R
346	8	9	4	R
346	8	229	0	F
346	347	191	4	L
346	347	253	0	F
347	191	90	0	F
347	191	349	4	L
347	253	254	4	R
347	253	348	0	F
348	355	249	0	F
348	355	255	4	R
349	191	90	4	L
349	191	349	60	U
349	346	8	4	R
349	346	347	4	L
350	92	110	0	F
350	92	350	60	U
350	114	115	4	L
350	114	350	60	U
350	114	547	0	F
351	93	94	4	R
351	93	351	60	U
351	93	546	0	F
351	352	105	0	F
351	352	351	60	U
351	352	511	4	L
352	105	104	4	L
352	105	352	60	U
352	351	93	4	R
352	351	352	60	U
352	511	94	0	F
352	511	104	4	R
352	511	352	60	U
353	137	129	0	F
353	137	136	4	L
353	137	353	60	U
353	462	150	4	R
353	462	156	0	F
353	462	353	60	U
354	152	129	0	F
354	152	153	4	R
354	152	354	60	U
354	540	153	4	L
354	540	354	60	U
355	249	243	0	F
355	255	254	4	R
355	255	336	0	F
356	24	23	8	R
356	24	212	0	F
356	24	356	60	U
356	31	3	0	F
356	31	467	4	R
356	211	210	4	R
356	211	356	60	U
357	252	285	4	R
357	252	287	0	F
357	252	357	60	U
357	528	251	4	R
358	285	284	4	R
358	285	358	60	U
358	359	279	0	F
358	359	286	4	L
358	359	358	60	U
359	279	278	4	R
359	279	282	4	L
359	279	359	60	U
359	286	283	0	F
359	286	284	4	L
359	286	359	60	U
359	358	285	0	F
359	358	359	60	U
360	361	375	4	L
360	530	378	4	L
360	530	379	4	R
361	375	373	4	L
361	375	376	0	F
362	360	361	4	L
362	360	530	0	F
362	363	420	4	L
363	420	267	0	F
363	420	419	4	R
364	171	363	0	F
364	246	169	4	R
364	246	247	4	L
364	246	364	60	U
364	246	408	0	F
364	334	372	4	R
365	331	1	0	F
365	333	334	0	F
366	367	236	4	L
366	416	366	60	U
366	416	369	0	F
366	527	283	0	F
366	527	366	60	U
366	527	479	4	L
367	236	237	4	R
367	236	337	0	F
368	198	199	4	R
368	198	365	4	L
368	198	454	0	F
369	234	235	0	F
369	234	369	60	U
369	416	366	0	F
369	416	369	60	U
370	371	4	4	L
370	371	242	0	F
370	524	234	0	F
370	524	235	4	L
371	4	5	4	R
371	4	23	0	F
371	242	336	0	F
372	373	362	0	F
372	374	418	4	L
373	362	360	0	F
373	362	363	4	R
374	418	330	0	F
375	373	362	4	L
375	376	374	0	F
375	376	476	4	R
376	374	418	0	F
376	476	477	4	L
376	476	507	0	F
377	378	177	0	F
377	379	267	0	F
377	379	377	60	U
378	177	107	4	R
378	177	335	0	F
379	267	257	4	L
379	267	379	60	U
379	267	422	0	F
379	377	378	0	F
379	377	379	60	U
380	382	383	0	F
380	382	386	4	L
381	106	107	4	L
381	106	261	0	F
382	383	238	4	R
382	386	384	4	L
383	238	221	0	F
383	238	270	4	L
384	380	382	4	L
384	385	14	4	R
384	385	381	0	F
385	14	15	4	L
385	381	106	0	F
386	384	380	4	L
386	384	385	0	F
387	383	238	4	L
387	386	384	0	F
388	21	20	0	F
388	21	297	4	L
388	21	341	4	R
388	21	388	60	U
388	307	308	0	F
388	307	388	60	U
389	314	298	4	L
389	314	310	0	F
389	314	389	60	U
389	390	290	0	F
389	390	531	4	R
389	390	532	4	L
389	434	20	4	R
389	434	389	60	U
389	434	531	4	L
390	290	291	4	R
390	290	294	4	L
390	290	391	0	F
390	531	143	0	F
390	531	291	4	L
390	531	390	60	U
390	531	434	4	R
390	532	311	0	F
390	532	314	4	L
390	532	390	60	U
391	501	391	60	U
391	501	461	4	L
391	536	145	0	F
391	536	291	4	R
391	536	500	4	L
392	233	231	4	L
392	233	344	0	F
392	233	392	60	U
392	535	273	4	L
392	535	392	60	U
392	535	534	0	F
393	394	10	4	R
393	394	320	0	F
394	10	11	4	L
394	10	316	0	F
394	320	12	4	R
394	320	387	0	F
395	396	179	4	L
395	397	396	4	L
396	179	180	4	R
396	179	200	4	L
397	396	179	0	F
398	32	33	4	L
398	32	398	60	U
398	32	400	0	F
398	36	37	0	F
398	36	435	4	R
398	426	398	60	U
398	426	431	0	F
399	33	399	60	U
399	33	403	4	R
399	33	435	0	F
399	63	62	4	L
399	63	399	60	U
399	63	466	0	F
399	400	32	4	R
399	400	194	4	L
399	400	430	0	F
400	32	33	4	R
400	32	398	0	F
400	32	400	60	U
400	194	195	4	R
400	194	400	60	U
400	194	542	0	F
400	430	195	4	L
400	430	208	4	R
400	430	264	0	F
401	47	46	4	L
401	47	48	4	R
401	47	59	0	F
401	47	401	60	U
401	402	46	4	R
401	402	84	0	F
401	402	401	60	U
401	402	493	4	L
401	405	48	4	L
401	405	68	4	R
401	405	401	60	U
401	405	404	0	F
401	521	401	60	U
402	46	45	4	L
402	46	47	4	R
402	46	58	0	F
402	46	402	60	U
402	84	45	4	R
402	84	80	0	F
402	84	85	4	L
402	84	402	60	U
402	401	47	4	L
402	401	402	60	U
402	401	405	0	F
402	401	521	4	R
402	493	402	60	U
403	33	399	4	L
403	33	403	60	U
403	33	435	4	R
403	50	49	4	L
403	50	403	60	U
403	50	447	0	F
403	404	49	4	R
403	404	403	60	U
403	404	405	0	F
403	404	496	4	L
403	463	38	0	F
403	463	403	60	U
404	49	48	4	L
404	49	50	4	R
404	49	404	60	U
404	49	446	0	F
404	403	33	0	F
404	403	50	4	L
404	403	404	60	U
404	403	463	4	R
404	405	48	4	R
404	405	68	4	L
404	405	401	0	F
404	405	404	60	U
404	496	68	4	R
404	496	404	60	U
405	48	47	4	L
405	48	49	4	R
405	48	60	0	F
405	48	405	60	U
405	68	405	60	U
405	68	496	4	L
405	401	47	4	R
405	401	402	0	F
405	401	405	60	U
405	401	521	4	L
405	404	49	4	L
405	404	403	0	F
405	404	405	60	U
405	404	496	4	R
406	188	187	4	R
406	188	407	4	L
406	192	185	0	F
406	192	193	4	R
406	192	406	60	U
406	201	190	0	F
406	201	193	4	L
406	201	406	60	U
406	201	429	4	R
406	407	406	60	U
406	407	413	0	F
407	406	188	4	L
407	406	192	0	F
407	406	201	4	R
407	406	407	60	U
407	413	407	60	U
407	413	429	4	L
408	170	413	0	F
408	246	169	4	L
408	246	247	4	R
408	246	364	0	F
408	246	408	60	U
408	409	247	4	L
408	409	408	60	U
408	409	410	0	F
408	409	456	4	R
408	412	157	4	R
408	412	408	60	U
408	412	414	0	F
408	412	455	4	L
409	247	246	4	L
409	247	248	4	R
409	247	409	60	U
409	247	421	0	F
409	408	170	0	F
409	408	246	4	R
409	408	409	60	U
409	408	412	4	L
409	410	409	60	U
409	410	411	0	F
409	410	459	4	R
409	410	460	4	L
409	456	409	60	U
409	456	455	4	R
410	409	247	4	R
410	409	408	0	F
410	409	410	60	U
410	409	456	4	L
410	411	165	4	R
410	411	410	60	U
410	411	470	4	L
410	459	164	0	F
410	459	410	60	U
410	460	410	60	U
410	460	442	0	F
410	460	470	4	R
411	165	22	4	L
411	165	164	4	R
411	165	411	60	U
411	165	457	0	F
411	410	409	0	F
411	410	411	60	U
411	410	459	4	L
411	410	460	4	R
411	470	411	60	U
411	470	460	4	L
411	470	471	0	F
412	157	158	4	L
412	157	188	0	F
412	408	170	4	L
412	408	246	0	F
412	408	409	4	R
412	408	412	60	U
412	414	412	60	U
412	414	484	0	F
412	414	513	4	L
412	455	412	60	U
412	455	456	4	L
412	455	458	0	F
412	455	513	4	R
413	407	406	0	F
413	407	413	60	U
413	429	169	4	R
413	429	189	0	F
413	429	201	4	L
414	412	157	4	L
414	412	408	0	F
414	412	414	60	U
414	412	455	4	R
414	484	414	60	U
414	484	485	4	R
414	513	414	60	U
414	513	455	4	L
414	513	473	0	F
415	325	324	4	L
415	325	345	0	F
415	325	415	60	U
415	329	317	4	R
415	329	322	4	L
415	526	323	0	F
415	526	415	60	U
416	366	367	4	R
416	366	416	60	U
416	366	527	0	F
416	369	234	4	L
416	369	416	60	U
417	418	330	4	R
417	478	357	4	R
417	478	528	0	F
418	330	331	0	F
418	330	333	4	L
419	420	267	4	R
419	420	419	60	U
419	421	247	0	F
419	421	419	60	U
419	421	424	4	L
420	267	257	0	F
420	267	379	4	L
420	267	422	4	R
420	419	420	60	U
420	419	421	0	F
421	247	246	4	R
421	247	248	4	L
421	247	409	0	F
421	247	421	60	U
421	419	420	0	F
421	419	421	60	U
421	424	248	4	R
421	424	421	60	U
422	267	257	4	R
422	267	379	0	F
422	267	422	60	U
422	423	223	4	L
422	423	424	0	F
423	223	224	4	L
423	223	256	4	R
423	223	422	4	L
423	424	248	0	F
423	424	421	4	R
424	248	247	4	R
424	248	442	4	L
424	421	247	4	L
424	421	419	4	R
424	421	424	60	U
425	208	209	4	R
425	208	425	60	U
425	208	430	0	F
425	426	398	0	F
425	426	431	8	L
425	431	25	4	L
425	431	425	60	U
425	431	426	4	R
425	431	432	0	F
426	398	32	4	R
426	398	36	0	F
426	398	426	60	U
426	431	25	0	F
426	431	425	4	L
426	431	426	60	U
426	431	432	4	R
427	42	41	4	L
427	42	43	4	R
427	42	54	0	F
427	42	427	60	U
427	74	43	4	L
427	74	75	4	R
427	74	80	0	F
427	74	427	60	U
427	76	41	4	R
427	76	427	60	U
427	520	427	60	U
428	343	18	4	R
428	343	342	4	L
428	343	428	60	U
428	472	529	0	F
429	169	170	4	R
429	169	246	0	F
429	169	429	60	U
429	189	190	4	L
429	189	199	0	F
429	189	429	60	U
429	201	190	4	R
429	201	193	0	F
429	201	406	4	L
429	201	429	60	U
430	195	194	4	L
430	195	196	4	R
430	195	430	60	U
430	208	209	4	L
430	208	425	0	F
430	208	430	60	U
430	264	174	0	F
430	264	196	4	L
430	264	209	4	R
430	264	430	60	U
431	25	26	4	R
431	25	176	0	F
431	25	209	4	L
431	25	431	60	U
431	425	208	0	F
431	425	426	4	L
431	425	431	60	U
431	426	398	0	F
431	426	431	60	U
431	432	26	4	L
432	26	489	4	R
433	16	433	60	U
433	16	475	4	R
433	490	281	0	F
433	490	433	60	U
433	490	512	4	L
434	20	19	4	L
434	20	21	4	R
434	20	340	0	F
434	20	434	60	U
434	389	314	0	F
434	389	390	4	R
434	389	434	60	U
434	531	143	4	R
434	531	291	0	F
434	531	390	4	L
434	531	434	60	U
435	33	399	0	F
435	33	403	4	L
435	33	435	60	U
435	36	37	4	R
435	36	435	60	U
435	438	37	4	L
435	438	435	60	U
436	89	88	4	R
436	89	436	60	U
436	89	494	0	F
436	89	495	4	L
436	518	86	0	F
436	518	88	4	L
436	518	436	60	U
436	519	182	0	F
436	519	436	60	U
436	519	491	4	L
436	519	495	4	R
437	58	46	0	F
437	58	57	4	R
437	58	59	4	L
437	58	437	60	U
437	83	57	4	L
437	83	79	0	F
437	83	82	4	R
437	83	437	60	U
437	87	86	4	L
437	87	88	4	R
437	87	437	60	U
437	515	59	4	R
437	515	88	4	L
437	515	437	60	U
437	515	494	0	F
438	37	36	4	L
438	37	38	4	R
438	37	438	60	U
438	435	33	4	L
438	435	36	4	R
438	435	438	60	U
439	34	35	4	R
439	34	439	60	U
439	34	440	0	F
439	91	439	60	U
439	91	441	4	R
439	228	35	4	L
439	228	181	0	F
439	228	207	4	R
439	228	439	60	U
439	465	439	60	U
439	465	464	4	R
439	465	541	4	R
440	34	35	4	L
440	34	439	0	F
440	34	440	60	U
440	464	440	60	U
440	464	465	0	F
440	466	35	4	R
440	466	63	4	L
440	466	183	0	F
440	466	440	60	U
441	349	191	4	L
441	349	346	0	F
442	248	247	4	L
442	248	442	60	U
442	460	410	0	F
442	460	442	60	U
442	460	470	4	L
443	224	223	4	L
443	224	225	4	R
443	224	443	60	U
443	256	223	4	R
443	256	443	60	U
443	258	239	4	L
443	258	259	4	R
443	258	443	60	U
444	158	159	4	R
444	158	444	60	U
444	187	163	4	L
444	187	188	4	R
444	187	444	60	U
444	481	161	4	R
444	481	444	60	U
445	305	304	4	R
445	305	445	60	U
445	503	445	60	U
445	503	505	4	R
446	49	48	4	R
446	49	50	4	L
446	49	404	0	F
446	49	446	60	U
446	61	60	4	L
446	61	62	4	R
446	61	446	60	U
446	61	516	0	F
446	447	50	4	R
446	447	62	4	L
446	447	446	60	U
447	50	49	4	R
447	50	403	0	F
447	50	447	60	U
447	62	61	4	L
447	62	63	4	R
447	62	183	0	F
447	62	447	60	U
447	446	49	4	L
447	446	61	4	R
447	446	447	60	U
448	544	395	0	F
449	483	487	0	F
450	166	167	4	L
450	166	206	4	R
450	166	450	60	U
450	206	166	4	L
450	206	205	4	R
450	206	215	0	F
450	206	450	60	U
451	497	498	0	F
451	497	537	4	L
452	522	523	0	F
453	190	189	4	L
453	190	201	0	F
453	190	453	60	U
453	199	189	4	R
453	199	453	60	U
453	368	198	4	R
454	364	171	0	F
454	364	246	4	R
454	364	334	4	L
455	412	157	0	F
455	412	408	4	R
455	412	414	4	L
455	412	455	60	U
455	456	409	4	L
455	456	455	60	U
455	458	164	4	L
455	458	455	60	U
455	458	457	0	F
455	458	473	4	R
455	513	414	4	R
455	513	455	60	U
455	513	473	4	L
456	409	247	0	F
456	409	408	4	L
456	409	410	4	R
456	409	456	60	U
456	455	412	4	R
456	455	456	60	U
456	455	458	4	L
456	455	513	0	F
457	165	22	4	R
457	165	164	4	L
457	165	411	0	F
457	165	457	60	U
457	458	164	4	R
457	458	455	0	F
457	458	457	60	U
457	458	473	4	L
458	164	165	4	R
458	164	458	60	U
458	164	459	0	F
458	455	412	0	F
458	455	456	4	R
458	455	458	60	U
458	455	513	4	L
458	457	165	4	L
458	457	458	60	U
458	473	458	60	U
458	473	513	4	R
459	164	165	4	L
459	164	458	0	F
459	164	459	60	U
459	410	409	4	L
459	410	411	4	R
459	410	459	60	U
459	410	460	0	F
460	410	409	4	R
460	410	411	4	L
460	410	459	0	F
460	410	460	60	U
460	442	248	0	F
460	442	460	60	U
460	470	411	4	R
460	470	460	60	U
460	470	471	4	L
461	538	294	0	F
461	538	391	4	L
461	538	461	60	U
461	539	312	0	F
461	539	538	8	L
461	551	155	0	O
461	551	461	0	O
462	150	121	0	F
462	150	149	4	L
462	150	462	60	U
462	156	149	4	R
462	156	462	60	U
462	353	137	4	L
462	353	462	60	U
463	38	37	4	L
463	38	463	60	U
463	403	33	4	R
463	403	50	0	F
463	403	404	4	L
463	403	463	60	U
464	440	34	4	R
464	440	464	60	U
464	440	466	0	F
464	465	439	4	L
464	465	464	60	U
464	465	541	4	R
465	439	34	4	L
465	439	91	4	R
465	439	228	4	L
465	439	465	60	U
465	464	440	0	F
465	464	465	60	U
465	541	27	4	R
466	35	34	4	R
466	35	228	0	F
466	35	466	60	U
466	63	62	4	R
466	63	399	0	F
466	63	466	60	U
466	183	62	4	L
466	183	181	4	R
466	183	466	60	U
466	183	516	0	F
466	440	34	4	L
466	440	464	0	F
466	440	466	60	U
467	468	469	0	F
468	469	332	0	F
469	332	368	0	F
470	411	165	0	F
470	411	410	4	R
470	411	470	60	U
470	460	410	4	L
470	460	442	4	R
470	460	470	60	U
470	471	428	4	L
471	428	343	4	R
471	428	472	0	F
472	529	256	0	F
473	458	164	0	F
473	458	455	4	L
473	458	457	4	R
473	458	473	60	U
473	513	414	0	F
473	513	455	4	R
473	513	473	60	U
474	504	345	4	R
474	504	503	4	L
475	476	477	0	F
475	476	507	4	R
476	477	417	0	F
476	507	506	0	F
477	417	418	4	L
477	417	478	0	F
478	357	252	0	F
478	357	528	4	L
478	528	251	0	F
479	282	279	0	F
479	282	283	4	R
479	282	479	60	U
479	527	283	4	L
479	527	366	4	R
479	527	479	60	U
480	186	27	0	F
480	186	172	4	R
480	186	480	60	U
480	542	194	0	F
480	542	480	60	U
481	161	482	0	F
481	444	158	4	R
481	444	187	4	L
481	444	481	60	U
482	525	452	4	R
483	487	484	0	F
483	487	485	4	L
484	414	412	0	F
484	414	484	60	U
484	414	513	4	R
484	485	486	4	R
485	486	160	4	R
485	486	525	4	L
486	160	481	0	F
486	525	452	4	L
487	484	414	0	F
487	484	485	8	L
487	485	486	4	L
488	549	101	0	F
488	549	488	60	U
488	550	138	0	F
488	550	488	60	U
489	244	202	4	R
489	244	245	0	F
490	281	280	4	L
490	281	288	0	F
490	281	490	60	U
490	433	16	0	F
490	433	490	60	U
490	512	280	4	R
490	512	475	4	L
490	512	490	60	U
490	512	508	0	F
491	492	182	0	F
491	492	491	60	U
491	519	182	4	L
491	519	436	4	R
491	519	491	60	U
491	519	495	0	F
492	182	181	0	F
492	182	207	4	L
492	182	492	60	U
492	182	519	4	R
492	491	492	60	U
492	491	519	8	L
493	402	46	0	F
493	402	84	4	L
493	402	401	4	R
493	402	493	60	U
494	60	48	0	F
494	60	59	4	R
494	60	61	4	L
494	60	494	60	U
494	89	88	4	L
494	89	436	0	F
494	89	494	60	U
494	89	495	4	R
494	515	59	4	L
494	515	88	4	R
494	515	437	0	F
494	515	494	60	U
494	516	61	4	R
494	516	183	0	F
494	516	494	60	U
494	516	495	4	L
495	89	88	0	F
495	89	436	4	R
495	89	494	4	L
495	89	495	60	U
495	181	182	4	L
495	181	183	4	R
495	181	228	0	F
495	181	495	60	U
495	516	61	0	F
495	516	183	4	L
495	516	494	4	R
495	516	495	60	U
495	519	182	4	R
495	519	436	4	L
495	519	491	0	F
495	519	495	60	U
496	68	405	4	R
496	68	496	60	U
496	404	49	0	F
496	404	403	4	R
496	404	405	4	L
496	404	496	60	U
497	498	138	4	R
497	498	146	0	F
497	537	451	4	L
497	537	497	60	U
498	138	139	4	L
498	138	498	60	U
498	138	550	0	F
498	146	130	4	R
498	146	499	0	F
498	146	502	4	L
499	131	130	4	R
499	131	132	4	L
499	131	140	0	F
499	131	499	60	U
499	145	144	0	F
499	145	499	60	U
499	145	502	4	L
499	147	132	4	R
499	147	500	0	F
500	133	126	4	L
500	133	132	4	R
500	133	142	0	F
500	133	500	60	U
500	501	391	4	L
500	501	461	0	F
500	536	145	4	L
500	536	291	0	F
500	536	500	60	U
501	391	501	60	U
501	391	536	4	L
501	461	538	4	L
501	461	539	0	F
501	461	551	4	R
502	146	130	0	F
502	146	499	4	L
502	146	502	60	U
502	537	451	0	F
502	537	497	4	L
503	445	305	0	F
503	445	503	60	U
503	505	306	4	L
504	345	303	4	L
504	345	325	0	F
504	345	504	60	U
504	503	445	4	R
504	503	505	4	L
505	306	295	4	R
505	306	474	4	L
506	508	509	4	R
506	508	512	4	R
507	506	508	0	F
508	509	508	60	U
508	509	545	8	R
508	512	280	4	L
508	512	475	4	R
508	512	490	0	F
508	512	508	60	U
509	508	509	60	U
509	508	512	4	L
509	545	280	0	F
509	545	288	4	L
509	545	509	60	U
510	318	13	4	L
510	318	510	60	U
510	510	318	4	L
510	510	510	60	U
511	94	93	4	L
511	94	95	4	R
511	94	511	60	U
511	104	96	4	L
511	104	105	4	R
511	104	511	60	U
511	352	105	4	L
511	352	351	4	R
511	352	511	60	U
512	280	281	4	R
512	280	512	60	U
512	280	545	0	F
512	475	476	4	R
512	490	281	4	L
512	490	433	4	R
512	490	512	60	U
512	508	509	4	R
512	508	512	60	U
513	414	412	4	R
513	414	484	4	L
513	414	513	60	U
513	455	412	4	L
513	455	456	0	F
513	455	458	4	R
513	455	513	60	U
513	473	458	4	L
513	473	513	60	U
514	54	42	0	F
514	54	53	4	R
514	54	55	4	L
514	54	514	60	U
514	73	55	4	R
514	73	72	4	L
514	73	79	0	F
514	73	514	60	U
514	77	53	4	L
514	77	66	0	F
514	77	78	4	R
514	77	514	60	U
514	517	67	4	L
514	517	82	4	R
514	517	514	60	U
515	59	47	0	F
515	59	58	4	R
515	59	60	4	L
515	59	515	60	U
515	88	87	4	L
515	88	89	4	R
515	88	515	60	U
515	88	518	0	F
515	437	58	4	L
515	437	83	0	F
515	437	87	4	R
515	437	515	60	U
515	494	60	4	R
515	494	89	4	L
515	494	515	60	U
515	494	516	0	F
516	61	60	4	R
516	61	62	4	L
516	61	446	0	F
516	61	516	60	U
516	183	62	4	R
516	183	181	4	L
516	183	466	0	F
516	183	516	60	U
516	494	60	4	L
516	494	89	4	R
516	494	515	0	F
516	494	516	60	U
516	495	89	4	L
516	495	181	4	R
516	495	516	60	U
516	495	519	0	F
517	67	66	4	L
517	67	517	60	U
517	82	83	4	R
517	82	86	4	L
517	82	517	60	U
517	514	54	0	F
517	514	73	4	L
517	514	77	4	R
517	514	517	60	U
518	86	82	0	F
518	86	87	8	L
518	86	518	60	U
518	88	87	4	R
518	88	89	4	L
518	88	515	0	F
518	88	518	60	U
518	436	89	4	R
518	436	518	60	U
518	436	519	0	F
519	182	181	4	R
519	182	207	0	F
519	182	492	4	L
519	182	519	60	U
519	436	89	4	L
519	436	518	0	F
519	436	519	60	U
519	491	492	8	R
519	491	519	60	U
519	495	89	4	R
519	495	181	4	L
519	495	516	0	F
519	495	519	60	U
520	427	42	0	F
520	427	74	4	R
520	427	76	4	L
520	427	520	60	U
521	401	47	0	F
521	401	402	4	L
521	401	405	4	R
521	401	521	60	U
522	523	449	0	F
522	523	483	4	L
523	449	483	8	L
523	483	487	4	L
524	234	235	8	L
524	234	369	0	F
524	235	338	4	L
525	452	522	0	F
526	323	322	4	R
526	323	393	0	F
526	415	325	0	F
526	415	329	4	L
526	415	526	60	U
527	283	282	4	L
527	283	286	0	F
527	283	527	60	U
527	366	367	4	L
527	366	416	0	F
527	366	527	60	U
527	479	282	4	R
527	479	527	60	U
528	251	237	0	F
528	251	252	4	R
529	256	223	4	L
529	256	443	4	R
530	378	177	4	L
530	379	267	4	R
530	379	377	8	L
531	143	144	4	L
531	143	531	60	U
531	291	144	4	R
531	291	290	4	L
531	291	531	60	U
531	291	536	0	F
531	390	290	4	R
531	390	531	60	U
531	390	532	0	F
531	434	20	0	F
531	434	389	4	R
531	434	531	60	U
532	311	293	4	R
532	311	310	4	L
532	311	532	60	U
532	311	533	0	F
532	314	298	0	F
532	314	310	4	R
532	314	389	4	L
532	390	290	4	L
532	390	531	0	F
532	390	532	60	U
533	311	293	4	L
533	311	310	4	R
533	311	532	0	F
533	311	533	60	U
533	313	300	4	L
533	313	533	60	U
534	227	217	4	R
534	227	226	4	L
534	227	534	60	U
534	273	265	0	F
534	273	535	4	L
534	535	273	4	R
534	535	392	0	F
534	535	534	60	U
535	273	265	4	L
535	273	535	60	U
535	392	233	0	F
535	392	535	60	U
535	534	227	0	F
535	534	273	8	L
535	534	535	60	U
536	145	144	4	R
536	145	499	4	L
536	145	502	0	F
536	291	144	4	L
536	291	290	4	R
536	291	531	0	F
536	291	536	60	U
536	500	133	0	F
536	500	501	4	L
536	500	536	60	U
537	451	497	8	L
537	497	498	4	L
537	497	537	60	U
538	294	290	4	L
538	294	293	4	R
538	294	532	0	F
538	391	501	4	L
538	391	536	0	F
538	461	538	60	U
538	461	539	4	L
538	461	551	0	F
539	312	293	4	L
539	312	539	60	U
539	538	294	4	R
539	538	391	0	F
539	538	461	4	L
540	153	128	0	F
540	153	152	4	L
540	153	154	4	R
540	153	540	60	U
540	354	152	4	R
540	354	540	60	U
541	27	28	4	L
541	27	186	0	F
542	194	195	4	L
542	194	400	0	F
542	194	542	60	U
542	480	186	0	F
542	480	542	60	U
543	448	544	4	L
543	544	395	4	L
544	395	396	4	L
544	395	397	0	F
545	280	281	4	L
545	280	512	0	F
545	280	545	60	U
545	288	276	4	L
545	288	281	4	R
545	288	289	0	F
545	288	545	60	U
545	509	508	8	L
545	509	545	60	U
546	93	94	4	L
546	93	351	0	F
546	93	546	60	U
546	547	114	0	F
546	547	546	60	U
547	114	115	4	R
547	114	350	0	F
547	114	547	60	U
547	546	93	0	F
547	546	547	60	U
548	101	100	4	R
548	101	548	60	U
548	101	549	0	F
548	110	92	0	F
548	110	102	4	L
548	110	548	60	U
549	101	100	4	L
549	101	548	0	F
549	101	549	60	U
549	488	549	60	U
549	488	550	0	F
550	138	139	4	R
550	138	498	0	F
550	138	550	60	U
550	488	549	0	F
550	488	550	60	U
551	155	151	4	L
551	155	551	60	U
551	461	538	0	F
551	461	539	4	R
551	461	551	60	U