Name:			lavras01
#Vehicles:		1
Capacity:		5400
Depot:			540
#Nodes:			546
#Edges:			547
#Arcs:			284
#Required-N:	6
#Required-E:	21
#Required-A:	0
#Nb-Turns:		3896

----------NODES----------
INDEX	QTY	IS-REQUIRED	X	Y
1	0	0	-1	-1
2	0	0	-1	-1
3	0	0	-1	-1
4	0	0	-1	-1
5	0	0	-1	-1
6	0	0	-1	-1
7	0	0	-1	-1
8	0	0	-1	-1
9	0	0	-1	-1
10	0	0	-1	-1
11	0	0	-1	-1
12	0	0	-1	-1
13	0	0	-1	-1
14	0	0	-1	-1
15	0	0	-1	-1
16	0	0	-1	-1
17	0	0	-1	-1
18	0	0	-1	-1
19	0	0	-1	-1
20	0	0	-1	-1
21	0	0	-1	-1
22	0	0	-1	-1
23	0	0	-1	-1
24	0	0	-1	-1
25	0	0	-1	-1
26	0	0	-1	-1
27	0	0	-1	-1
28	0	0	-1	-1
29	0	0	-1	-1
30	0	0	-1	-1
31	0	0	-1	-1
32	0	0	-1	-1
33	0	0	-1	-1
34	0	0	-1	-1
35	0	0	-1	-1
36	0	0	-1	-1
37	0	0	-1	-1
38	0	0	-1	-1
39	0	0	-1	-1
40	0	0	-1	-1
41	0	0	-1	-1
42	0	0	-1	-1
43	0	0	-1	-1
44	0	0	-1	-1
45	0	0	-1	-1
46	0	0	-1	-1
47	0	0	-1	-1
48	0	0	-1	-1
49	0	0	-1	-1
50	0	0	-1	-1
51	0	0	-1	-1
52	0	0	-1	-1
53	0	0	-1	-1
54	0	0	-1	-1
55	0	0	-1	-1
56	0	0	-1	-1
57	0	0	-1	-1
58	0	0	-1	-1
59	0	0	-1	-1
60	0	0	-1	-1
61	0	0	-1	-1
62	0	0	-1	-1
63	0	0	-1	-1
64	0	0	-1	-1
65	0	0	-1	-1
66	0	0	-1	-1
67	0	0	-1	-1
68	0	0	-1	-1
69	0	0	-1	-1
70	0	0	-1	-1
71	0	0	-1	-1
72	0	0	-1	-1
73	0	0	-1	-1
74	0	0	-1	-1
75	0	0	-1	-1
76	0	0	-1	-1
77	0	0	-1	-1
78	0	0	-1	-1
79	0	0	-1	-1
80	0	0	-1	-1
81	0	0	-1	-1
82	0	0	-1	-1
83	0	0	-1	-1
84	0	0	-1	-1
85	0	0	-1	-1
86	0	0	-1	-1
87	0	0	-1	-1
88	0	0	-1	-1
89	0	0	-1	-1
90	0	0	-1	-1
91	0	0	-1	-1
92	0	0	-1	-1
93	0	0	-1	-1
94	0	0	-1	-1
95	0	0	-1	-1
96	0	0	-1	-1
97	0	0	-1	-1
98	0	0	-1	-1
99	0	0	-1	-1
100	0	0	-1	-1
101	0	0	-1	-1
102	0	0	-1	-1
103	0	0	-1	-1
104	0	0	-1	-1
105	0	0	-1	-1
106	0	0	-1	-1
107	0	0	-1	-1
108	0	0	-1	-1
109	0	0	-1	-1
110	0	0	-1	-1
111	0	0	-1	-1
112	0	0	-1	-1
113	0	0	-1	-1
114	0	0	-1	-1
115	0	0	-1	-1
116	0	0	-1	-1
117	0	0	-1	-1
118	0	0	-1	-1
119	0	0	-1	-1
120	0	0	-1	-1
121	0	0	-1	-1
122	0	0	-1	-1
123	0	0	-1	-1
124	0	0	-1	-1
125	0	0	-1	-1
126	0	0	-1	-1
127	0	0	-1	-1
128	0	0	-1	-1
129	0	0	-1	-1
130	0	0	-1	-1
131	0	0	-1	-1
132	0	0	-1	-1
133	0	0	-1	-1
134	0	0	-1	-1
135	0	0	-1	-1
136	0	0	-1	-1
137	0	0	-1	-1
138	0	0	-1	-1
139	0	0	-1	-1
140	0	0	-1	-1
141	0	0	-1	-1
142	0	0	-1	-1
143	0	0	-1	-1
144	0	0	-1	-1
145	0	0	-1	-1
146	0	0	-1	-1
147	0	0	-1	-1
148	0	0	-1	-1
149	0	0	-1	-1
150	0	0	-1	-1
151	0	0	-1	-1
152	0	0	-1	-1
153	0	0	-1	-1
154	0	0	-1	-1
155	0	0	-1	-1
156	0	0	-1	-1
157	0	0	-1	-1
158	0	0	-1	-1
159	0	0	-1	-1
160	0	0	-1	-1
161	0	0	-1	-1
162	0	0	-1	-1
163	0	0	-1	-1
164	0	0	-1	-1
165	0	0	-1	-1
166	0	0	-1	-1
167	0	0	-1	-1
168	0	0	-1	-1
169	0	0	-1	-1
170	0	0	-1	-1
171	0	0	-1	-1
172	0	0	-1	-1
173	0	0	-1	-1
174	0	0	-1	-1
175	0	0	-1	-1
176	0	0	-1	-1
177	0	0	-1	-1
178	0	0	-1	-1
179	0	0	-1	-1
180	0	0	-1	-1
181	0	0	-1	-1
182	0	0	-1	-1
183	0	0	-1	-1
184	0	0	-1	-1
185	0	0	-1	-1
186	0	0	-1	-1
187	0	0	-1	-1
188	0	0	-1	-1
189	0	0	-1	-1
190	0	0	-1	-1
191	0	0	-1	-1
192	0	0	-1	-1
193	0	0	-1	-1
194	0	0	-1	-1
195	0	0	-1	-1
196	0	0	-1	-1
197	0	0	-1	-1
198	0	0	-1	-1
199	0	0	-1	-1
200	0	0	-1	-1
201	0	0	-1	-1
202	0	0	-1	-1
203	0	0	-1	-1
204	0	0	-1	-1
205	0	0	-1	-1
206	0	0	-1	-1
207	0	0	-1	-1
208	0	0	-1	-1
209	0	0	-1	-1
210	0	0	-1	-1
211	0	0	-1	-1
212	0	0	-1	-1
213	0	0	-1	-1
214	0	0	-1	-1
215	0	0	-1	-1
216	0	0	-1	-1
217	0	0	-1	-1
218	0	0	-1	-1
219	0	0	-1	-1
220	0	0	-1	-1
221	0	0	-1	-1
222	0	0	-1	-1
223	0	0	-1	-1
224	0	0	-1	-1
225	0	0	-1	-1
226	0	0	-1	-1
227	0	0	-1	-1
228	0	0	-1	-1
229	0	0	-1	-1
230	0	0	-1	-1
231	0	0	-1	-1
232	0	0	-1	-1
233	0	0	-1	-1
234	0	0	-1	-1
235	0	0	-1	-1
236	0	0	-1	-1
237	0	0	-1	-1
238	0	0	-1	-1
239	0	0	-1	-1
240	0	0	-1	-1
241	0	0	-1	-1
242	0	0	-1	-1
243	0	0	-1	-1
244	0	0	-1	-1
245	0	0	-1	-1
246	0	0	-1	-1
247	0	0	-1	-1
248	0	0	-1	-1
249	0	0	-1	-1
250	0	0	-1	-1
251	0	0	-1	-1
252	0	0	-1	-1
253	0	0	-1	-1
254	0	0	-1	-1
255	0	0	-1	-1
256	0	0	-1	-1
257	0	0	-1	-1
258	0	0	-1	-1
259	0	0	-1	-1
260	0	0	-1	-1
261	0	0	-1	-1
262	0	0	-1	-1
263	0	0	-1	-1
264	0	0	-1	-1
265	0	0	-1	-1
266	0	0	-1	-1
267	0	0	-1	-1
268	0	0	-1	-1
269	0	0	-1	-1
270	0	0	-1	-1
271	0	0	-1	-1
272	0	0	-1	-1
273	0	0	-1	-1
274	0	0	-1	-1
275	0	0	-1	-1
276	0	0	-1	-1
277	0	0	-1	-1
278	0	0	-1	-1
279	0	0	-1	-1
280	0	0	-1	-1
281	0	0	-1	-1
282	0	0	-1	-1
283	0	0	-1	-1
284	0	0	-1	-1
285	0	0	-1	-1
286	0	0	-1	-1
287	0	0	-1	-1
288	0	0	-1	-1
289	0	0	-1	-1
290	0	0	-1	-1
291	0	0	-1	-1
292	0	0	-1	-1
293	0	0	-1	-1
294	0	0	-1	-1
295	0	0	-1	-1
296	0	0	-1	-1
297	0	0	-1	-1
298	0	0	-1	-1
299	0	0	-1	-1
300	0	0	-1	-1
301	0	0	-1	-1
302	0	0	-1	-1
303	0	0	-1	-1
304	0	0	-1	-1
305	0	0	-1	-1
306	0	0	-1	-1
307	0	0	-1	-1
308	0	0	-1	-1
309	0	0	-1	-1
310	0	0	-1	-1
311	0	0	-1	-1
312	0	0	-1	-1
313	0	0	-1	-1
314	0	0	-1	-1
315	0	0	-1	-1
316	0	0	-1	-1
317	0	0	-1	-1
318	0	0	-1	-1
319	0	0	-1	-1
320	0	0	-1	-1
321	0	0	-1	-1
322	0	0	-1	-1
323	0	0	-1	-1
324	0	0	-1	-1
325	0	0	-1	-1
326	0	0	-1	-1
327	0	0	-1	-1
328	0	0	-1	-1
329	0	0	-1	-1
330	0	0	-1	-1
331	0	0	-1	-1
332	0	0	-1	-1
333	0	0	-1	-1
334	0	0	-1	-1
335	0	0	-1	-1
336	0	0	-1	-1
337	0	0	-1	-1
338	0	0	-1	-1
339	0	0	-1	-1
340	0	0	-1	-1
341	0	0	-1	-1
342	0	0	-1	-1
343	0	0	-1	-1
344	0	0	-1	-1
345	0	0	-1	-1
346	0	0	-1	-1
347	0	0	-1	-1
348	0	0	-1	-1
349	0	0	-1	-1
350	0	0	-1	-1
351	0	0	-1	-1
352	0	0	-1	-1
353	0	0	-1	-1
354	0	0	-1	-1
355	0	0	-1	-1
356	0	0	-1	-1
357	0	0	-1	-1
358	0	0	-1	-1
359	0	0	-1	-1
360	0	0	-1	-1
361	0	0	-1	-1
362	0	0	-1	-1
363	0	0	-1	-1
364	0	0	-1	-1
365	0	0	-1	-1
366	0	0	-1	-1
367	0	0	-1	-1
368	0	0	-1	-1
369	0	0	-1	-1
370	0	0	-1	-1
371	0	0	-1	-1
372	0	0	-1	-1
373	0	0	-1	-1
374	0	0	-1	-1
375	0	0	-1	-1
376	0	0	-1	-1
377	0	0	-1	-1
378	0	0	-1	-1
379	0	0	-1	-1
380	0	0	-1	-1
381	0	0	-1	-1
382	0	0	-1	-1
383	0	0	-1	-1
384	0	0	-1	-1
385	0	0	-1	-1
386	0	0	-1	-1
387	0	0	-1	-1
388	0	0	-1	-1
389	0	0	-1	-1
390	0	0	-1	-1
391	0	0	-1	-1
392	0	0	-1	-1
393	0	0	-1	-1
394	0	0	-1	-1
395	0	0	-1	-1
396	0	0	-1	-1
397	0	0	-1	-1
398	0	0	-1	-1
399	0	0	-1	-1
400	0	0	-1	-1
401	0	0	-1	-1
402	0	0	-1	-1
403	0	0	-1	-1
404	0	0	-1	-1
405	0	0	-1	-1
406	0	0	-1	-1
407	0	0	-1	-1
408	0	0	-1	-1
409	0	0	-1	-1
410	0	0	-1	-1
411	0	0	-1	-1
412	0	0	-1	-1
413	0	0	-1	-1
414	0	0	-1	-1
415	0	0	-1	-1
416	0	0	-1	-1
417	0	0	-1	-1
418	0	0	-1	-1
419	0	0	-1	-1
420	0	0	-1	-1
421	0	0	-1	-1
422	0	0	-1	-1
423	0	0	-1	-1
424	0	0	-1	-1
425	0	0	-1	-1
426	0	0	-1	-1
427	0	0	-1	-1
428	0	0	-1	-1
429	0	0	-1	-1
430	0	0	-1	-1
431	0	0	-1	-1
432	0	0	-1	-1
433	0	0	-1	-1
434	0	0	-1	-1
435	0	0	-1	-1
436	0	0	-1	-1
437	0	0	-1	-1
438	0	0	-1	-1
439	0	0	-1	-1
440	0	0	-1	-1
441	0	0	-1	-1
442	0	0	-1	-1
443	0	0	-1	-1
444	0	0	-1	-1
445	0	0	-1	-1
446	0	0	-1	-1
447	0	0	-1	-1
448	0	0	-1	-1
449	0	0	-1	-1
450	0	0	-1	-1
451	0	0	-1	-1
452	0	0	-1	-1
453	0	0	-1	-1
454	0	0	-1	-1
455	0	0	-1	-1
456	0	0	-1	-1
457	0	0	-1	-1
458	0	0	-1	-1
459	0	0	-1	-1
460	0	0	-1	-1
461	0	0	-1	-1
462	0	0	-1	-1
463	0	0	-1	-1
464	0	0	-1	-1
465	0	0	-1	-1
466	0	0	-1	-1
467	0	0	-1	-1
468	0	0	-1	-1
469	0	0	-1	-1
470	0	0	-1	-1
471	0	0	-1	-1
472	0	0	-1	-1
473	0	0	-1	-1
474	0	0	-1	-1
475	0	0	-1	-1
476	0	0	-1	-1
477	0	0	-1	-1
478	0	0	-1	-1
479	0	0	-1	-1
480	0	0	-1	-1
481	0	0	-1	-1
482	0	0	-1	-1
483	0	0	-1	-1
484	0	0	-1	-1
485	0	0	-1	-1
486	0	0	-1	-1
487	0	0	-1	-1
488	0	0	-1	-1
489	0	0	-1	-1
490	0	0	-1	-1
491	0	0	-1	-1
492	0	0	-1	-1
493	0	0	-1	-1
494	0	0	-1	-1
495	0	0	-1	-1
496	0	0	-1	-1
497	0	0	-1	-1
498	0	0	-1	-1
499	0	0	-1	-1
500	0	0	-1	-1
501	0	0	-1	-1
502	0	0	-1	-1
503	0	0	-1	-1
504	0	0	-1	-1
505	0	0	-1	-1
506	0	0	-1	-1
507	0	0	-1	-1
508	0	0	-1	-1
509	0	0	-1	-1
510	0	0	-1	-1
511	0	0	-1	-1
512	0	0	-1	-1
513	0	0	-1	-1
514	0	0	-1	-1
515	0	0	-1	-1
516	0	0	-1	-1
517	0	0	-1	-1
518	0	0	-1	-1
519	0	0	-1	-1
520	0	0	-1	-1
521	0	0	-1	-1
522	0	0	-1	-1
523	0	0	-1	-1
524	0	0	-1	-1
525	0	0	-1	-1
526	0	0	-1	-1
527	0	0	-1	-1
528	0	0	-1	-1
529	0	0	-1	-1
530	0	0	-1	-1
531	0	0	-1	-1
532	0	0	-1	-1
533	0	0	-1	-1
534	0	0	-1	-1
535	0	0	-1	-1
536	0	0	-1	-1
537	0	0	-1	-1
538	0	0	-1	-1
539	0	0	-1	-1
540	0	0	-1	-1
541	20	1	-1	-1
542	20	1	-1	-1
543	20	1	-1	-1
544	20	1	-1	-1
545	20	1	-1	-1
546	20	1	-1	-1

----------EDGES----------
INDEX-I	INDEX-J	QTY	IS-REQUIRED	TR-COST
17	18	23	0	15
18	19	23	0	15
19	20	42	0	28
20	21	32	0	21
22	17	116	0	77
23	24	51	0	34
34	35	35	0	23
36	37	20	0	13
37	38	11	0	7
39	40	20	0	13
40	41	18	1	12
42	43	18	0	12
43	44	18	0	12
44	45	18	0	12
45	46	18	1	12
46	47	20	0	13
47	48	20	0	13
48	49	20	0	13
50	51	15	0	10
51	52	18	1	12
52	53	20	0	13
53	54	18	1	12
54	55	20	0	13
55	56	18	0	12
56	57	21	1	14
57	58	18	1	12
58	59	18	0	12
59	60	18	0	12
60	61	21	0	14
61	62	21	0	14
51	63	33	0	22
63	64	15	0	10
66	67	33	1	22
68	54	33	1	22
42	69	21	0	14
70	40	21	0	14
40	52	35	0	23
52	71	33	1	22
72	55	33	1	22
55	43	36	0	24
43	73	23	0	15
74	75	18	0	12
75	56	33	0	22
44	76	23	1	15
76	77	24	1	16
78	79	6	0	4
79	80	20	1	13
80	81	18	0	12
85	86	11	0	7
86	87	17	0	11
87	88	17	0	11
88	89	18	0	12
90	91	17	0	11
91	92	17	0	11
92	93	29	0	19
94	95	32	0	21
95	88	29	0	19
88	96	21	0	14
96	97	20	0	13
102	94	18	0	12
94	103	17	0	11
103	104	17	0	11
104	105	17	0	11
106	107	12	0	8
107	95	17	0	11
95	108	18	0	12
108	109	17	0	11
109	110	9	0	6
111	112	32	0	21
112	113	30	0	20
114	115	17	0	11
115	116	17	0	11
116	117	32	0	21
117	111	24	0	16
118	119	32	0	21
119	120	30	0	20
120	121	24	0	16
122	123	21	0	14
123	124	21	0	14
124	125	27	0	18
125	118	51	0	34
126	127	32	0	21
127	128	30	0	20
128	129	23	0	15
130	131	17	0	11
131	132	20	0	13
132	133	21	0	14
133	134	30	0	20
134	126	38	0	25
135	136	29	0	19
136	137	24	0	16
138	122	3	0	2
122	131	21	0	14
131	114	42	0	28
114	92	29	0	19
92	103	27	0	18
103	108	32	0	21
108	89	29	0	19
139	124	26	0	17
124	133	21	0	14
133	116	20	0	13
116	90	30	0	20
90	105	26	0	17
105	140	21	0	14
140	110	11	0	7
141	142	30	0	20
143	118	17	0	11
118	126	17	0	11
126	111	17	0	11
144	145	26	0	17
145	146	30	0	20
146	143	32	0	21
143	147	11	0	7
146	119	17	0	11
119	127	17	0	11
127	112	17	0	11
112	141	17	0	11
141	148	17	0	11
156	157	27	0	18
157	22	12	0	8
158	159	51	0	34
30	160	36	0	24
164	165	26	0	17
165	166	20	0	13
166	167	20	0	13
167	168	18	0	12
171	172	26	0	17
173	174	23	0	15
175	173	29	0	19
176	159	11	0	7
159	177	20	0	13
178	164	42	0	28
179	180	20	0	13
181	182	23	0	15
184	185	30	0	20
186	187	6	0	4
187	188	30	0	20
188	165	32	0	21
165	189	20	0	13
176	185	18	0	12
185	193	21	0	14
196	197	11	0	7
197	198	32	0	21
198	158	20	0	13
200	201	32	0	21
201	167	32	0	21
167	202	18	0	12
202	203	45	0	30
189	160	3	0	2
160	204	17	0	11
204	202	18	0	12
202	205	18	0	12
205	206	15	0	10
206	207	32	0	21
207	208	18	0	12
209	210	12	0	8
210	211	3	0	2
211	212	8	0	5
212	213	27	0	18
213	214	8	0	5
215	216	12	0	8
216	217	24	0	16
217	218	23	0	15
218	219	23	0	15
219	209	20	0	13
220	199	23	0	15
221	222	26	0	17
223	224	3	0	2
225	223	32	0	21
230	213	15	0	10
231	232	26	0	17
236	237	17	0	11
238	239	17	0	11
239	240	18	0	12
210	224	51	0	34
224	242	2	0	1
245	246	21	0	14
246	247	15	0	10
248	215	33	0	22
249	217	45	0	30
217	231	18	0	12
231	250	17	0	11
250	251	8	0	5
188	256	18	0	12
256	201	20	0	13
201	25	20	0	13
257	232	11	0	7
232	218	21	0	14
218	258	39	0	26
264	257	18	0	12
257	265	26	0	17
268	269	80	0	53
269	270	8	0	5
270	271	18	0	12
272	273	30	0	20
274	275	18	0	12
276	277	27	0	18
282	283	30	0	20
283	136	32	0	21
136	284	26	0	17
285	286	24	0	16
286	282	35	0	23
172	287	6	0	4
288	289	44	0	29
290	288	9	0	6
291	292	23	0	15
293	294	23	0	15
295	296	18	0	12
296	297	8	0	5
287	298	20	0	13
299	300	30	0	20
300	291	17	0	11
294	301	18	0	12
300	302	21	0	14
302	303	23	0	15
303	285	24	0	16
285	304	24	0	16
305	292	6	0	4
292	302	17	0	11
302	306	30	0	20
307	308	24	0	16
310	13	36	0	24
313	314	24	0	16
314	315	27	0	18
316	317	17	0	11
11	318	21	0	14
318	311	11	0	7
311	319	8	0	5
316	320	26	0	17
320	309	18	0	12
309	321	23	0	15
279	329	17	0	11
329	228	18	0	12
331	264	5	0	3
332	20	14	0	9
242	333	8	0	5
333	21	11	0	7
251	334	6	0	4
334	335	17	0	11
335	18	17	0	11
336	332	6	0	4
295	337	53	0	35
343	344	30	0	20
344	97	35	0	23
107	87	30	0	20
345	129	53	0	35
129	121	17	0	11
121	144	18	0	12
144	346	9	0	6
279	244	21	0	14
244	349	17	0	11
277	350	12	0	8
350	351	9	0	6
351	271	18	0	12
266	170	9	0	6
369	371	3	0	2
15	281	75	0	50
21	380	59	0	39
393	394	18	0	12
395	396	20	0	13
396	397	20	0	13
397	393	18	1	12
33	395	24	0	16
400	401	18	0	12
401	402	17	0	11
402	403	35	0	23
400	404	60	0	40
398	193	29	0	19
404	406	30	0	20
321	314	29	0	19
314	308	24	0	16
337	317	51	0	34
317	407	74	0	49
361	408	8	0	5
411	412	26	0	17
239	413	32	0	21
413	411	36	0	24
414	259	23	0	15
394	76	18	1	12
76	73	18	1	12
73	69	18	0	12
69	419	18	1	12
419	70	20	0	13
335	420	50	0	33
191	181	35	0	23
181	421	30	0	20
293	284	20	0	13
381	426	32	0	21
306	381	47	0	31
380	299	3	0	2
33	427	18	0	12
427	36	17	0	11
428	81	26	0	17
79	429	26	0	17
429	57	35	1	23
57	45	35	1	23
45	394	23	0	15
427	430	17	0	11
83	431	26	0	17
431	34	23	0	15
34	432	2	0	1
250	435	21	0	14
435	248	21	0	14
216	435	32	0	21
436	150	39	0	26
438	439	20	0	13
158	442	27	0	18
193	182	29	0	19
182	445	33	0	22
238	400	44	0	29
447	448	18	0	12
448	401	51	0	34
401	239	45	0	30
449	450	21	0	14
450	447	15	0	10
447	404	17	0	11
156	451	17	0	11
451	402	17	0	11
402	452	17	0	11
452	434	18	0	12
434	240	11	0	7
148	454	30	0	20
454	345	15	0	10
395	49	27	0	18
49	439	20	0	13
38	455	8	0	5
455	395	39	0	26
432	456	21	0	14
456	457	39	0	26
458	432	30	0	20
458	62	39	0	26
62	391	35	0	23
391	33	29	0	19
203	348	29	0	19
204	166	20	0	13
166	256	32	0	21
256	422	32	0	21
195	207	20	0	13
207	198	17	0	11
198	442	27	0	18
177	184	20	0	13
184	398	21	0	14
465	450	30	0	20
319	307	24	0	16
307	313	24	0	16
220	431	38	0	25
431	457	56	0	37
220	35	2	0	1
35	458	29	0	19
271	274	44	0	29
274	471	21	0	14
236	194	32	0	21
483	484	11	0	7
17	301	50	0	33
59	47	35	1	23
47	397	24	0	16
397	65	27	0	18
81	485	27	0	18
485	59	36	0	24
81	486	18	0	12
486	173	20	0	13
173	220	20	0	13
65	487	17	0	11
383	492	5	0	3
493	138	5	0	3
494	437	23	0	15
437	297	38	0	25
495	337	21	0	14
499	500	50	0	33
310	501	6	0	4
86	502	20	0	13
502	344	21	0	14
96	502	35	0	23
413	416	23	0	15
439	61	15	0	10
61	175	39	0	26
406	476	45	0	30
406	504	15	0	10
504	465	15	0	10
63	71	18	0	12
71	505	18	0	12
505	68	18	0	12
68	72	20	0	13
72	75	18	0	12
429	506	18	0	12
506	485	18	0	12
485	507	18	0	12
507	175	20	0	13
175	458	20	0	13
67	50	36	0	24
64	508	33	0	22
508	74	56	1	37
74	78	20	0	13
78	509	32	0	21
509	428	20	0	13
428	510	18	0	12
510	174	18	0	12
419	41	21	0	14
41	53	35	0	23
53	505	33	0	22
505	508	20	0	13
60	438	17	0	11
438	48	18	0	12
48	396	24	0	16
396	487	30	0	20
510	486	24	0	16
486	507	29	0	19
507	60	38	0	25
483	510	38	0	25
484	174	29	0	19
506	58	36	0	24
58	46	35	0	23
46	393	24	0	16
509	80	21	0	14
80	506	27	0	18
430	37	24	0	16
67	63	3	0	2
204	24	5	0	3
24	348	60	0	40
187	422	18	0	12
422	200	20	0	13
200	417	18	0	12
417	423	2	0	1
155	179	77	0	51
194	154	51	0	34
154	155	5	0	3
436	473	83	0	55
179	436	8	0	5
237	195	32	0	21
195	208	26	0	17
208	177	69	0	46
237	206	18	0	12
168	237	20	0	13
407	515	11	0	7
361	226	17	0	11
408	358	9	0	6
358	516	14	0	9
516	275	20	0	13
275	278	20	0	13
278	351	26	0	17
168	25	32	0	21
25	423	30	0	20
423	418	17	0	11
418	390	26	0	17
398	399	14	0	9
399	405	8	0	5
193	421	21	0	14
421	161	23	0	15
161	238	21	0	14
449	157	63	0	42
157	403	35	0	23
403	462	18	0	12
504	447	30	0	20
452	462	42	0	28
371	259	35	0	23
491	125	39	0	26
125	134	23	0	15
134	117	21	0	14
135	520	24	0	16
520	382	30	0	20
521	303	27	0	18
303	522	20	0	13
265	524	3	0	2
490	123	14	0	9
123	132	21	0	14
132	115	32	0	21
115	91	30	0	20
91	104	27	0	18
104	109	32	0	21
137	490	5	0	3
528	304	15	0	10
529	346	26	0	17
529	145	11	0	7
145	120	18	0	12
120	128	17	0	11
128	113	17	0	11
113	142	17	0	11
142	454	18	0	12
20	426	29	0	19
426	520	23	0	15
520	283	26	0	17
283	525	26	0	17
525	491	3	0	2
27	178	17	0	11
178	472	8	0	5
472	531	30	0	20
531	186	23	0	15
186	392	21	0	14
219	523	9	0	6
524	384	21	0	14
384	225	2	0	1
225	336	15	0	10
523	524	6	0	4
308	318	27	0	18
308	10	23	0	15
499	503	21	0	14
503	482	30	0	20
280	534	32	0	21
500	534	11	0	7
534	272	15	0	10
272	503	14	0	9
268	280	15	0	10
280	273	15	0	10
273	482	15	0	10
482	425	14	0	9
425	16	29	0	19
471	516	17	0	11
445	191	21	0	14
196	205	12	0	8
205	168	18	0	12
453	527	3	0	2
392	32	32	0	21
32	390	20	0	13
522	305	23	0	15
343	85	42	0	28
85	535	12	0	8
535	536	9	0	6
536	106	14	0	9
106	342	17	0	11
342	84	6	0	4
84	102	12	0	8
102	537	12	0	8
537	93	17	0	11
93	538	14	0	9
538	480	26	0	17
480	539	30	0	20
539	130	14	0	9
130	489	15	0	10
356	238	84	0	56
450	156	48	0	32
488	526	3	0	2
382	521	42	0	28
19	331	39	0	26
147	540	21	0	14
540	453	30	0	20
56	541	16	0	11
541	44	18	0	12
75	542	9	0	6
542	429	12	0	8
41	543	10	0	7
543	42	9	0	6
39	544	8	0	5
544	51	27	0	18
66	545	6	0	4
545	50	14	0	9
54	546	21	0	14
546	42	15	0	10

-----------ARCS----------
INDEX-I	INDEX-J	QTY	IS-REQUIRED	TR-COST
1	2	48	0	32
2	3	24	0	16
3	4	26	0	17
4	5	33	0	22
5	6	9	0	6
6	7	20	0	13
8	9	36	0	24
10	11	32	0	21
11	12	35	0	23
12	13	29	0	19
13	14	26	0	17
14	15	26	0	17
15	16	63	0	42
25	26	20	0	13
27	28	45	0	30
28	29	23	0	15
29	30	12	0	8
30	23	24	0	16
23	31	27	0	18
32	33	39	0	26
82	83	14	0	9
98	99	18	0	12
99	100	14	0	9
100	101	24	0	16
149	150	18	0	12
150	151	12	0	8
161	162	39	0	26
169	99	26	0	17
99	170	32	0	21
183	82	20	0	13
190	191	29	0	19
171	192	17	0	11
194	195	17	0	11
174	199	18	0	12
199	83	47	0	31
226	227	5	0	3
228	229	26	0	17
5	30	35	0	23
233	211	8	0	5
1	243	27	0	18
243	244	14	0	9
29	222	17	0	11
222	6	21	0	14
252	233	21	0	14
233	212	12	0	8
253	254	17	0	11
254	255	11	0	7
259	249	14	0	9
249	260	11	0	7
260	258	9	0	6
258	101	20	0	13
101	261	21	0	14
261	252	5	0	3
252	230	50	0	33
230	262	23	0	15
262	263	5	0	3
266	267	23	0	15
278	276	18	0	12
276	279	15	0	10
261	266	20	0	13
244	277	23	0	15
280	281	66	0	44
312	12	24	0	16
322	323	18	0	12
323	1	36	0	24
1	324	21	0	14
325	326	35	0	23
169	327	9	0	6
263	312	20	0	13
328	5	26	0	17
329	275	33	0	22
338	8	8	0	5
338	339	18	0	12
339	245	32	0	21
245	340	26	0	17
341	338	60	0	40
341	183	9	0	6
328	339	35	0	23
339	183	60	0	40
348	31	20	0	13
352	353	21	0	14
322	325	5	0	3
354	355	33	0	22
356	326	32	0	21
190	357	24	0	16
358	359	33	0	22
327	254	14	0	9
241	235	30	0	20
235	361	20	0	13
362	363	24	0	16
363	234	23	0	15
234	328	18	0	12
7	338	11	0	7
7	8	11	0	7
8	221	17	0	11
364	365	12	0	8
365	354	11	0	7
354	352	33	0	22
364	366	12	0	8
367	365	17	0	11
327	353	6	0	4
353	367	39	0	26
367	368	9	0	6
266	100	30	0	20
100	369	29	0	19
369	370	3	0	2
170	267	21	0	14
267	372	8	0	5
170	373	15	0	10
372	374	24	0	16
374	375	3	0	2
376	377	8	0	5
377	373	21	0	14
373	98	36	0	24
15	373	24	0	16
377	14	26	0	17
376	372	11	0	7
374	378	5	0	3
379	375	6	0	4
379	378	6	0	4
378	376	23	0	15
375	230	21	0	14
262	214	24	0	16
21	289	18	0	12
289	381	15	0	10
381	382	23	0	15
382	282	27	0	18
282	383	24	0	16
386	10	6	0	4
387	388	6	0	4
390	36	38	0	25
391	392	47	0	31
398	180	11	0	7
180	399	15	0	10
162	405	21	0	14
400	162	20	0	13
404	149	17	0	11
149	180	44	0	29
407	321	24	0	16
409	410	18	0	12
415	416	21	0	14
416	240	32	0	21
417	418	26	0	17
415	215	30	0	20
414	415	27	0	18
215	414	38	0	25
405	421	32	0	21
392	422	15	0	10
423	424	20	0	13
433	341	9	0	6
83	433	15	0	10
347	247	26	0	17
247	328	30	0	20
347	241	24	0	16
340	347	36	0	24
424	26	30	0	20
255	16	17	0	11
459	460	2	0	1
460	461	35	0	23
461	324	20	0	13
324	360	18	0	12
31	459	23	0	15
359	228	18	0	12
462	463	41	0	27
463	420	6	0	4
420	464	3	0	2
151	406	17	0	11
16	467	24	0	16
467	468	24	0	16
468	469	15	0	10
469	409	24	0	16
409	470	44	0	29
229	362	27	0	18
221	28	18	0	12
473	153	2	0	1
153	474	5	0	3
441	475	9	0	6
476	477	5	0	3
478	152	5	0	3
152	473	2	0	1
479	476	6	0	4
9	457	5	0	3
481	236	17	0	11
488	489	3	0	2
489	138	11	0	7
138	490	18	0	12
490	139	17	0	11
139	491	18	0	12
491	492	30	0	20
492	453	27	0	18
496	298	2	0	1
298	466	2	0	1
466	495	3	0	2
495	494	3	0	2
494	496	3	0	2
475	479	2	0	1
479	477	3	0	2
477	478	2	0	1
26	481	9	0	6
503	467	42	0	28
511	512	2	0	1
512	475	6	0	4
183	341	11	0	7
3	362	36	0	24
362	513	41	0	27
31	3	27	0	18
478	514	3	0	2
514	444	2	0	1
444	511	2	0	1
512	441	8	0	5
513	227	3	0	2
513	226	3	0	2
227	330	18	0	12
330	363	27	0	18
363	4	35	0	23
349	517	3	0	2
470	349	6	0	4
517	243	14	0	9
243	229	48	0	32
470	517	6	0	4
4	23	32	0	21
229	2	33	0	22
2	460	23	0	15
357	325	14	0	9
357	323	6	0	4
474	514	2	0	1
464	518	3	0	2
518	248	18	0	12
519	371	3	0	2
519	370	3	0	2
370	169	12	0	8
352	519	5	0	3
18	301	21	0	14
101	219	32	0	21
523	265	8	0	5
383	525	30	0	20
525	137	35	0	23
137	493	18	0	12
493	526	12	0	8
527	383	27	0	18
527	286	24	0	16
286	521	27	0	18
521	306	23	0	15
306	290	17	0	11
98	253	6	0	4
253	327	17	0	11
515	315	23	0	15
315	385	15	0	10
385	386	11	0	7
386	312	65	0	43
312	379	26	0	17
9	530	6	0	4
530	27	12	0	8
368	366	6	0	4
366	410	33	0	22
410	322	17	0	11
192	532	14	0	9
440	533	6	0	4
532	533	12	0	8
389	388	6	0	4
533	387	6	0	4
387	389	6	0	4
388	171	23	0	15
532	440	9	0	6
501	501	24	0	16
368	468	23	0	15
468	498	20	0	13
498	497	15	0	10
497	499	11	0	7
445	360	33	0	22
360	190	23	0	15
190	446	18	0	12
446	356	32	0	21
356	163	14	0	9
163	355	15	0	10
355	412	21	0	14
412	259	24	0	16
528	527	6	0	4
326	364	15	0	10
443	488	5	0	3
526	443	5	0	3
290	380	12	0	8
457	530	5	0	3
453	528	6	0	4

----------TURNS----------
INDEX-I	INDEX-J	INDEX-K	COST	TYPE
1	2	3	0	F
1	2	460	4	L
1	243	229	4	L
1	243	244	0	F
1	324	360	4	L
2	3	4	0	F
2	3	362	4	R
2	460	461	4	L
3	4	5	0	F
3	4	23	4	L
3	362	363	4	L
3	362	513	0	F
4	5	6	0	F
4	5	30	4	L
4	23	24	0	F
4	23	31	4	L
5	6	7	0	F
5	30	23	4	L
5	30	160	4	R
6	7	8	4	L
6	7	338	0	F
7	8	9	0	F
7	8	221	4	L
7	338	8	4	L
7	338	339	4	R
8	9	457	0	F
8	9	530	4	L
8	221	28	0	F
8	221	222	4	L
9	457	431	4	R
9	457	456	0	F
9	457	530	4	L
9	530	27	0	F
10	11	12	0	F
10	11	318	4	R
10	308	10	60	U
10	308	307	0	F
10	308	314	4	R
10	308	318	4	L
11	12	13	0	F
11	318	11	60	U
11	318	308	4	R
11	318	311	0	F
12	13	14	0	F
12	13	310	4	R
13	14	15	0	F
13	310	13	60	U
13	310	501	4	R
14	15	16	0	F
14	15	281	4	R
14	15	373	4	L
15	16	425	4	R
15	16	467	0	F
15	281	15	60	U
15	373	98	4	R
16	425	16	60	U
16	425	482	0	F
16	467	468	0	F
17	18	17	60	U
17	18	19	0	F
17	18	301	4	R
17	18	335	4	L
17	22	17	60	U
17	22	157	4	R
17	301	17	60	U
17	301	294	0	F
18	17	18	60	U
18	17	22	0	F
18	17	301	4	L
18	19	18	60	U
18	19	20	0	F
18	19	331	4	L
18	301	17	8	R
18	301	294	0	F
18	335	18	60	U
18	335	334	0	F
18	335	420	4	L
19	18	17	0	F
19	18	19	60	U
19	18	301	4	L
19	18	335	4	R
19	20	19	60	U
19	20	21	0	F
19	20	332	4	L
19	20	426	4	R
19	331	19	60	U
19	331	264	0	F
20	19	18	0	F
20	19	20	60	U
20	19	331	4	R
20	21	20	60	U
20	21	289	4	R
20	21	333	4	L
20	21	380	0	F
20	332	20	60	U
20	332	336	0	F
20	426	20	60	U
20	426	381	4	L
20	426	520	0	F
21	20	19	0	F
21	20	21	60	U
21	20	332	4	R
21	20	426	4	L
21	289	288	4	L
21	289	381	0	F
21	333	21	60	U
21	333	242	0	F
21	380	21	60	U
21	380	299	0	F
22	17	18	0	F
22	17	22	60	U
22	17	301	4	R
22	157	22	60	U
22	157	156	0	F
22	157	403	4	R
22	157	449	4	L
23	24	23	60	U
23	24	204	0	F
23	24	348	8	L
23	31	3	4	L
23	31	459	0	F
24	23	24	60	U
24	23	31	4	R
24	204	24	60	U
24	204	160	4	R
24	204	166	0	F
24	204	202	4	L
24	348	24	60	U
24	348	31	4	L
24	348	203	4	R
25	26	481	0	F
25	168	25	60	U
25	168	167	4	L
25	168	205	0	F
25	168	237	4	R
25	201	25	60	U
25	201	167	4	R
25	201	200	4	L
25	201	256	0	F
25	423	25	60	U
25	423	417	4	R
25	423	418	0	F
25	423	424	4	L
26	481	236	4	L
27	28	29	0	F
27	178	27	60	U
27	178	164	4	L
27	178	472	0	F
28	29	30	0	F
28	29	222	4	L
29	30	23	0	F
29	30	160	4	R
29	222	6	0	F
29	222	221	4	L
30	23	24	4	R
30	23	31	0	F
30	160	30	60	U
30	160	189	4	R
30	160	204	4	L
31	3	4	4	L
31	3	362	0	F
31	459	460	0	F
32	33	391	4	R
32	33	395	0	F
32	33	427	4	L
32	390	32	60	U
32	390	36	4	R
32	390	418	4	L
32	392	32	60	U
32	392	186	0	F
32	392	422	4	R
33	391	33	60	U
33	391	62	0	F
33	391	392	4	R
33	395	33	60	U
33	395	49	4	R
33	395	396	0	F
33	395	455	4	L
33	427	33	60	U
33	427	36	0	F
33	427	430	4	R
34	35	34	60	U
34	35	220	4	R
34	35	458	4	L
34	431	34	60	U
34	431	83	0	F
34	431	220	4	L
34	431	457	4	R
34	432	34	60	U
34	432	456	4	L
34	432	458	4	R
35	34	35	60	U
35	34	431	4	L
35	34	432	4	R
35	220	35	60	U
35	220	173	4	L
35	220	199	0	F
35	220	431	4	R
35	458	35	60	U
35	458	62	0	F
35	458	175	4	R
35	458	432	4	L
36	37	36	60	U
36	37	38	0	F
36	37	430	4	R
36	427	33	0	F
36	427	36	60	U
36	427	430	4	L
37	36	37	60	U
37	36	427	4	L
37	38	37	60	U
37	38	455	4	R
37	430	37	60	U
37	430	427	4	R
38	37	36	0	F
38	37	38	60	U
38	37	430	4	L
38	455	38	60	U
38	455	395	0	F
39	40	39	60	U
39	40	41	0	F
39	40	52	4	L
39	40	70	4	R
39	544	39	60	U
39	544	51	0	F
40	39	40	60	U
40	39	544	4	R
40	41	40	60	U
40	41	53	4	L
40	41	419	4	R
40	41	543	0	F
40	52	40	60	U
40	52	51	4	L
40	52	53	4	R
40	52	71	0	F
40	70	40	60	U
40	70	419	4	L
41	40	39	0	F
41	40	41	60	U
41	40	52	4	R
41	40	70	4	L
41	53	41	60	U
41	53	52	4	L
41	53	54	4	R
41	53	505	0	F
41	419	41	60	U
41	419	69	4	L
41	419	70	4	R
41	543	41	60	U
41	543	42	0	F
42	43	42	60	U
42	43	44	0	F
42	43	55	4	L
42	43	73	4	R
42	69	42	60	U
42	69	73	4	L
42	69	419	4	R
42	543	41	0	F
42	543	42	60	U
42	546	42	60	U
42	546	54	0	F
43	42	43	60	U
43	42	69	4	L
43	42	543	0	F
43	42	546	4	R
43	44	43	60	U
43	44	45	0	F
43	44	76	4	R
43	44	541	4	L
43	55	43	60	U
43	55	54	4	L
43	55	56	4	R
43	55	72	0	F
43	73	43	60	U
43	73	69	4	R
43	73	76	4	L
44	43	42	0	F
44	43	44	60	U
44	43	55	4	R
44	43	73	4	L
44	45	44	60	U
44	45	46	0	F
44	45	57	4	L
44	45	394	4	R
44	76	44	60	U
44	76	73	4	R
44	76	77	0	F
44	76	394	4	L
44	541	44	60	U
44	541	56	0	F
45	44	43	0	F
45	44	45	60	U
45	44	76	4	L
45	44	541	4	R
45	46	45	60	U
45	46	47	0	F
45	46	58	4	L
45	46	393	4	R
45	57	45	60	U
45	57	56	4	L
45	57	58	4	R
45	57	429	0	F
45	394	45	60	U
45	394	76	4	R
45	394	393	4	L
46	45	44	0	F
46	45	46	60	U
46	45	57	4	R
46	45	394	4	L
46	47	46	60	U
46	47	48	0	F
46	47	59	4	L
46	47	397	4	R
46	58	46	60	U
46	58	57	4	L
46	58	59	4	R
46	58	506	0	F
46	393	46	60	U
46	393	394	4	R
46	393	397	4	L
47	46	45	0	F
47	46	47	60	U
47	46	58	4	R
47	46	393	4	L
47	48	47	60	U
47	48	49	0	F
47	48	396	4	R
47	48	438	4	L
47	59	47	60	U
47	59	58	4	L
47	59	60	4	R
47	59	485	0	F
47	397	47	60	U
47	397	65	0	F
47	397	393	4	R
47	397	396	4	L
48	47	46	0	F
48	47	48	60	U
48	47	59	4	R
48	47	397	4	L
48	49	48	60	U
48	49	395	4	R
48	49	439	4	L
48	396	48	60	U
48	396	395	4	L
48	396	397	4	R
48	396	487	0	F
48	438	48	60	U
48	438	60	0	F
48	438	439	4	R
49	48	47	0	F
49	48	49	60	U
49	48	396	4	L
49	48	438	4	R
49	395	33	4	L
49	395	49	60	U
49	395	396	4	R
49	395	455	0	F
49	439	49	60	U
49	439	61	0	F
49	439	438	4	L
50	51	50	60	U
50	51	52	0	F
50	51	63	4	L
50	51	544	4	R
50	67	50	60	U
50	67	63	4	R
50	67	66	4	L
50	545	50	60	U
50	545	66	0	F
51	50	51	60	U
51	50	67	4	R
51	50	545	4	R
51	52	40	4	R
51	52	51	60	U
51	52	53	0	F
51	52	71	4	L
51	63	51	60	U
51	63	64	0	F
51	63	67	4	L
51	63	71	4	R
51	544	39	0	F
51	544	51	60	U
52	40	39	4	R
52	40	41	4	L
52	40	52	60	U
52	40	70	0	F
52	51	50	0	F
52	51	52	60	U
52	51	63	4	R
52	51	544	4	L
52	53	41	4	R
52	53	52	60	U
52	53	54	0	F
52	53	505	4	L
52	71	52	60	U
52	71	63	4	L
52	71	505	4	R
53	41	40	4	R
53	41	53	60	U
53	41	419	0	F
53	41	543	4	L
53	52	40	4	L
53	52	51	0	F
53	52	53	60	U
53	52	71	4	R
53	54	53	60	U
53	54	55	0	F
53	54	68	4	L
53	54	546	4	R
53	505	53	60	U
53	505	68	4	R
53	505	71	4	L
53	505	508	0	F
54	53	41	4	L
54	53	52	0	F
54	53	54	60	U
54	53	505	4	R
54	55	43	4	R
54	55	54	60	U
54	55	56	0	F
54	55	72	4	L
54	68	54	60	U
54	68	72	4	R
54	68	505	4	L
54	546	42	0	F
54	546	54	60	U
55	43	42	4	R
55	43	44	4	L
55	43	55	60	U
55	43	73	0	F
55	54	53	0	F
55	54	55	60	U
55	54	68	4	R
55	54	546	4	L
55	56	55	60	U
55	56	57	0	F
55	56	75	4	L
55	56	541	4	R
55	72	55	60	U
55	72	68	4	L
55	72	75	4	R
56	55	43	4	L
56	55	54	0	F
56	55	56	60	U
56	55	72	4	R
56	57	45	4	R
56	57	56	60	U
56	57	58	0	F
56	57	429	4	L
56	75	56	60	U
56	75	72	4	L
56	75	74	0	F
56	75	542	4	R
56	541	44	0	F
56	541	56	60	U
57	45	44	4	R
57	45	46	4	L
57	45	57	60	U
57	45	394	0	F
57	56	55	0	F
57	56	57	60	U
57	56	75	4	R
57	56	541	4	L
57	58	46	4	R
57	58	57	60	U
57	58	59	0	F
57	58	506	4	L
57	429	57	60	U
57	429	79	0	F
57	429	506	4	R
57	429	542	4	L
58	46	45	4	R
58	46	47	4	L
58	46	58	60	U
58	46	393	0	F
58	57	45	4	L
58	57	56	0	F
58	57	58	60	U
58	57	429	4	R
58	59	47	4	R
58	59	58	60	U
58	59	60	0	F
58	59	485	4	L
58	506	58	60	U
58	506	80	0	F
58	506	429	4	L
58	506	485	4	R
59	47	46	4	R
59	47	48	4	L
59	47	59	60	U
59	47	397	0	F
59	58	46	4	L
59	58	57	0	F
59	58	59	60	U
59	58	506	4	R
59	60	59	60	U
59	60	61	0	F
59	60	438	4	R
59	60	507	4	L
59	485	59	60	U
59	485	81	0	F
59	485	506	4	L
59	485	507	4	R
60	59	47	4	L
60	59	58	0	F
60	59	60	60	U
60	59	485	4	R
60	61	60	60	U
60	61	62	0	F
60	61	175	4	L
60	61	439	4	R
60	438	48	0	F
60	438	60	60	U
60	438	439	4	L
60	507	60	60	U
60	507	175	4	R
60	507	485	4	L
60	507	486	0	F
61	60	59	0	F
61	60	61	60	U
61	60	438	4	L
61	60	507	4	R
61	62	61	60	U
61	62	391	4	R
61	62	458	4	L
61	175	61	60	U
61	175	173	0	F
61	175	458	4	R
61	175	507	4	L
61	439	49	0	F
61	439	61	60	U
61	439	438	4	R
62	61	60	0	F
62	61	62	60	U
62	61	175	4	R
62	61	439	4	L
62	391	33	0	F
62	391	62	60	U
62	391	392	4	L
62	458	35	0	F
62	458	62	60	U
62	458	175	4	L
62	458	432	4	R
63	51	50	4	R
63	51	52	4	L
63	51	63	60	U
63	51	544	0	F
63	64	63	60	U
63	64	508	4	R
63	67	50	4	L
63	67	63	60	U
63	67	66	0	F
63	71	52	4	R
63	71	63	60	U
63	71	505	0	F
64	63	51	0	F
64	63	64	60	U
64	63	67	4	R
64	63	71	4	L
64	508	64	60	U
64	508	74	0	F
64	508	505	4	R
65	397	47	0	F
65	397	65	60	U
65	397	393	4	L
65	397	396	4	R
65	487	65	60	U
65	487	396	4	L
66	67	50	4	R
66	67	63	0	F
66	67	66	60	U
66	545	50	0	F
66	545	66	60	U
67	50	51	4	L
67	50	67	60	U
67	50	545	4	R
67	63	51	4	R
67	63	64	4	L
67	63	67	60	U
67	63	71	0	F
67	66	67	60	U
67	66	545	4	L
68	54	53	4	R
68	54	55	4	L
68	54	68	60	U
68	54	546	0	F
68	72	55	4	R
68	72	68	60	U
68	72	75	0	F
68	505	53	4	L
68	505	68	60	U
68	505	71	0	F
68	505	508	4	R
69	42	43	4	R
69	42	69	60	U
69	42	543	4	L
69	42	546	0	F
69	73	43	4	L
69	73	69	60	U
69	73	76	0	F
69	419	41	4	R
69	419	69	60	U
69	419	70	0	F
70	40	39	4	L
70	40	41	4	R
70	40	52	0	F
70	40	70	60	U
70	419	41	4	L
70	419	69	0	F
70	419	70	60	U
71	52	40	0	F
71	52	51	4	R
71	52	53	4	L
71	52	71	60	U
71	63	51	4	L
71	63	64	4	R
71	63	67	0	F
71	63	71	60	U
71	505	53	4	R
71	505	68	0	F
71	505	71	60	U
71	505	508	4	L
72	55	43	0	F
72	55	54	4	R
72	55	56	4	L
72	55	72	60	U
72	68	54	4	L
72	68	72	60	U
72	68	505	0	F
72	75	56	4	R
72	75	72	60	U
72	75	74	4	L
72	75	542	0	F
73	43	42	4	L
73	43	44	4	R
73	43	55	0	F
73	43	73	60	U
73	69	42	4	R
73	69	73	60	U
73	69	419	0	F
73	76	44	4	L
73	76	73	60	U
73	76	77	4	R
73	76	394	0	F
74	75	56	0	F
74	75	72	4	R
74	75	74	60	U
74	75	542	4	L
74	78	74	60	U
74	78	79	4	R
74	78	509	0	F
74	508	64	0	F
74	508	74	60	U
74	508	505	4	L
75	56	55	4	R
75	56	57	4	L
75	56	75	60	U
75	56	541	0	F
75	72	55	4	L
75	72	68	0	F
75	72	75	60	U
75	74	75	60	U
75	74	78	4	R
75	74	508	4	L
75	542	75	60	U
75	542	429	0	F
76	44	43	4	L
76	44	45	4	R
76	44	76	60	U
76	44	541	0	F
76	73	43	4	R
76	73	69	0	F
76	73	76	60	U
76	77	76	60	U
76	394	45	4	L
76	394	76	60	U
76	394	393	0	F
77	76	44	0	F
77	76	73	4	L
77	76	77	60	U
77	76	394	4	R
78	74	75	4	L
78	74	78	60	U
78	74	508	4	R
78	79	78	60	U
78	79	80	0	F
78	79	429	4	R
78	509	78	60	U
78	509	80	4	R
78	509	428	0	F
79	78	74	4	L
79	78	79	60	U
79	78	509	8	R
79	80	79	60	U
79	80	81	0	F
79	80	506	4	R
79	80	509	4	L
79	429	57	0	F
79	429	79	60	U
79	429	506	4	L
79	429	542	4	R
80	79	78	0	F
80	79	80	60	U
80	79	429	4	L
80	81	80	60	U
80	81	428	4	L
80	81	485	4	R
80	81	486	0	F
80	506	58	0	F
80	506	80	60	U
80	506	429	4	R
80	506	485	4	L
80	509	78	4	L
80	509	80	60	U
80	509	428	4	R
81	80	79	0	F
81	80	81	60	U
81	80	506	4	L
81	80	509	4	R
81	428	81	60	U
81	428	509	4	L
81	428	510	4	R
81	485	59	0	F
81	485	81	60	U
81	485	506	4	R
81	485	507	4	L
81	486	81	60	U
81	486	173	0	F
81	486	507	4	R
81	486	510	4	L
82	83	431	0	F
82	83	433	4	L
83	431	34	0	F
83	431	83	60	U
83	431	220	4	R
83	431	457	4	L
83	433	341	0	F
84	102	84	60	U
84	102	94	4	R
84	102	537	0	F
84	342	84	60	U
84	342	106	0	F
85	86	85	60	U
85	86	87	0	F
85	86	502	4	R
85	343	85	60	U
85	343	344	4	L
85	535	85	60	U
85	535	536	0	F
86	85	86	60	U
86	85	343	4	L
86	85	535	4	R
86	87	86	60	U
86	87	88	0	F
86	87	107	4	L
86	502	86	60	U
86	502	96	4	L
86	502	344	0	F
87	86	85	0	F
87	86	87	60	U
87	86	502	4	L
87	88	87	60	U
87	88	89	0	F
87	88	95	4	L
87	88	96	4	R
87	107	87	60	U
87	107	95	4	R
87	107	106	4	L
88	87	86	0	F
88	87	88	60	U
88	87	107	4	R
88	89	88	60	U
88	89	108	4	L
88	95	88	60	U
88	95	94	0	F
88	95	107	4	L
88	95	108	4	R
88	96	88	60	U
88	96	97	0	F
88	96	502	4	R
89	88	87	0	F
89	88	89	60	U
89	88	95	4	R
89	88	96	4	L
89	108	89	60	U
89	108	95	4	L
89	108	103	0	F
89	108	109	4	R
90	91	90	60	U
90	91	92	0	F
90	91	104	4	L
90	91	115	4	R
90	105	90	60	U
90	105	104	4	R
90	105	140	0	F
90	116	90	60	U
90	116	115	4	L
90	116	117	4	R
90	116	133	0	F
91	90	91	60	U
91	90	105	4	R
91	90	116	4	L
91	92	91	60	U
91	92	93	0	F
91	92	103	4	L
91	92	114	4	R
91	104	91	60	U
91	104	103	4	R
91	104	105	4	L
91	104	109	0	F
91	115	91	60	U
91	115	114	4	L
91	115	116	4	R
91	115	132	0	F
92	91	90	0	F
92	91	92	60	U
92	91	104	4	R
92	91	115	4	L
92	93	92	60	U
92	93	537	4	L
92	93	538	4	R
92	103	92	60	U
92	103	94	4	R
92	103	104	4	L
92	103	108	0	F
92	114	92	60	U
92	114	115	4	R
92	114	131	0	F
93	92	91	0	F
93	92	93	60	U
93	92	103	4	R
93	92	114	4	L
93	537	93	60	U
93	537	102	0	F
93	538	93	60	U
93	538	480	0	F
94	95	88	0	F
94	95	94	60	U
94	95	107	4	R
94	95	108	4	L
94	102	84	4	L
94	102	94	60	U
94	102	537	4	R
94	103	92	4	L
94	103	94	60	U
94	103	104	0	F
94	103	108	4	R
95	88	87	4	R
95	88	89	4	L
95	88	95	60	U
95	88	96	0	F
95	94	95	60	U
95	94	102	4	L
95	94	103	4	R
95	107	87	4	L
95	107	95	60	U
95	107	106	0	F
95	108	89	4	R
95	108	95	60	U
95	108	103	4	L
95	108	109	0	F
96	88	87	4	L
96	88	89	4	R
96	88	95	0	F
96	88	96	60	U
96	97	96	60	U
96	97	344	4	R
96	502	86	4	R
96	502	96	60	U
96	502	344	4	L
97	96	88	0	F
97	96	97	60	U
97	96	502	4	L
97	344	97	60	U
97	344	343	0	F
97	344	502	4	R
98	99	100	0	F
98	99	170	4	L
98	253	254	4	R
98	253	327	0	F
99	100	101	0	F
99	100	369	4	R
99	170	266	4	R
99	170	267	0	F
99	170	373	4	L
100	101	219	0	F
100	101	261	4	L
100	369	370	4	R
100	369	371	4	L
101	219	209	4	L
101	219	218	4	R
101	219	523	0	F
101	261	252	0	F
101	261	266	4	L
102	84	102	60	U
102	84	342	0	F
102	94	95	4	R
102	94	102	60	U
102	94	103	0	F
102	537	93	0	F
102	537	102	60	U
103	92	91	4	R
103	92	93	4	L
103	92	103	60	U
103	92	114	0	F
103	94	95	4	L
103	94	102	0	F
103	94	103	60	U
103	104	91	4	L
103	104	103	60	U
103	104	105	0	F
103	104	109	4	R
103	108	89	0	F
103	108	95	4	R
103	108	103	60	U
103	108	109	4	L
104	91	90	4	R
104	91	92	4	L
104	91	104	60	U
104	91	115	0	F
104	103	92	4	R
104	103	94	0	F
104	103	104	60	U
104	103	108	4	L
104	105	90	4	L
104	105	104	60	U
104	105	140	4	R
104	109	104	60	U
104	109	108	4	R
104	109	110	4	L
105	90	91	4	L
105	90	105	60	U
105	90	116	0	F
105	104	91	4	R
105	104	103	0	F
105	104	105	60	U
105	104	109	4	L
105	140	105	60	U
105	140	110	0	F
106	107	87	4	R
106	107	95	0	F
106	107	106	60	U
106	342	84	0	F
106	342	106	60	U
106	536	106	60	U
106	536	535	0	F
107	87	86	4	R
107	87	88	4	L
107	87	107	60	U
107	95	88	4	R
107	95	94	4	L
107	95	107	60	U
107	95	108	0	F
107	106	107	60	U
107	106	342	4	R
107	106	536	4	L
108	89	88	4	R
108	89	108	60	U
108	95	88	4	L
108	95	94	4	R
108	95	107	0	F
108	95	108	60	U
108	103	92	0	F
108	103	94	4	L
108	103	104	4	R
108	103	108	60	U
108	109	104	4	L
108	109	108	60	U
108	109	110	0	F
109	104	91	0	F
109	104	103	4	L
109	104	105	4	R
109	104	109	60	U
109	108	89	4	L
109	108	95	0	F
109	108	103	4	R
109	108	109	60	U
109	110	109	60	U
109	110	140	4	L
110	109	104	4	R
110	109	108	0	F
110	109	110	60	U
110	140	105	0	F
110	140	110	60	U
111	112	111	60	U
111	112	113	0	F
111	112	127	4	L
111	112	141	4	R
111	117	111	60	U
111	117	116	0	F
111	117	134	4	R
111	126	111	60	U
111	126	118	0	F
111	126	127	4	R
111	126	134	4	L
112	111	112	60	U
112	111	117	0	F
112	111	126	4	R
112	113	112	60	U
112	113	128	4	L
112	113	142	4	R
112	127	112	60	U
112	127	119	0	F
112	127	126	4	L
112	127	128	4	R
112	141	112	60	U
112	141	142	4	L
112	141	148	0	F
113	112	111	0	F
113	112	113	60	U
113	112	127	4	R
113	112	141	4	L
113	128	113	60	U
113	128	120	0	F
113	128	127	4	L
113	128	129	4	R
113	142	113	60	U
113	142	141	4	R
113	142	454	0	F
114	92	91	4	L
114	92	93	4	R
114	92	103	0	F
114	92	114	60	U
114	115	91	4	R
114	115	114	60	U
114	115	116	0	F
114	115	132	4	L
114	131	114	60	U
114	131	122	0	F
114	131	130	4	L
114	131	132	4	R
115	91	90	4	L
115	91	92	4	R
115	91	104	0	F
115	91	115	60	U
115	114	92	4	L
115	114	115	60	U
115	114	131	4	R
115	116	90	4	R
115	116	115	60	U
115	116	117	4	R
115	116	133	4	L
115	132	115	60	U
115	132	123	0	F
115	132	131	4	L
115	132	133	4	R
116	90	91	4	R
116	90	105	0	F
116	90	116	60	U
116	115	91	4	L
116	115	114	0	F
116	115	116	60	U
116	115	132	4	R
116	117	111	0	F
116	117	116	60	U
116	117	134	4	L
116	133	116	60	U
116	133	124	0	F
116	133	132	4	L
116	133	134	4	R
117	111	112	0	F
117	111	117	60	U
117	111	126	4	L
117	116	90	4	L
117	116	115	4	L
117	116	117	60	U
117	116	133	4	R
117	134	117	60	U
117	134	125	0	F
117	134	126	4	R
117	134	133	4	L
118	119	118	60	U
118	119	120	0	F
118	119	127	4	R
118	119	146	4	L
118	125	118	60	U
118	125	124	0	F
118	125	134	4	L
118	125	491	4	R
118	126	111	0	F
118	126	118	60	U
118	126	127	4	L
118	126	134	4	R
118	143	118	60	U
118	143	146	4	R
118	143	147	4	L
119	118	119	60	U
119	118	125	0	F
119	118	126	4	L
119	118	143	4	R
119	120	119	60	U
119	120	121	0	F
119	120	128	4	R
119	120	145	4	L
119	127	112	0	F
119	127	119	60	U
119	127	126	4	R
119	127	128	4	L
119	146	119	60	U
119	146	143	4	L
119	146	145	4	R
120	119	118	0	F
120	119	120	60	U
120	119	127	4	L
120	119	146	4	R
120	121	120	60	U
120	121	129	4	R
120	121	144	4	L
120	128	113	0	F
120	128	120	60	U
120	128	127	4	R
120	128	129	4	L
120	145	120	60	U
120	145	144	4	R
120	145	146	4	L
120	145	529	0	F
121	120	119	0	F
121	120	121	60	U
121	120	128	4	L
121	120	145	4	R
121	129	121	60	U
121	129	128	4	R
121	129	345	0	F
121	144	121	60	U
121	144	145	4	L
121	144	346	0	F
122	123	122	60	U
122	123	124	0	F
122	123	132	4	R
122	123	490	4	L
122	131	114	0	F
122	131	122	60	U
122	131	130	4	R
122	131	132	4	L
122	138	122	60	U
122	138	490	4	R
122	138	493	0	F
123	122	123	60	U
123	122	131	4	L
123	122	138	4	R
123	124	123	60	U
123	124	125	0	F
123	124	133	4	R
123	124	139	4	L
123	132	115	0	F
123	132	123	60	U
123	132	131	4	R
123	132	133	4	L
123	490	123	60	U
123	490	137	0	F
123	490	139	4	R
124	123	122	0	F
124	123	124	60	U
124	123	132	4	L
124	123	490	4	R
124	125	118	0	F
124	125	124	60	U
124	125	134	4	R
124	125	491	4	L
124	133	116	0	F
124	133	124	60	U
124	133	132	4	R
124	133	134	4	L
124	139	124	60	U
124	139	491	4	R
125	118	119	0	F
125	118	125	60	U
125	118	126	4	R
125	118	143	4	L
125	124	123	0	F
125	124	125	60	U
125	124	133	4	L
125	124	139	4	R
125	134	117	0	F
125	134	125	60	U
125	134	126	4	L
125	134	133	4	R
125	491	125	60	U
125	491	492	4	R
125	491	525	0	F
126	111	112	4	L
126	111	117	4	R
126	111	126	60	U
126	118	119	4	R
126	118	125	4	L
126	118	126	60	U
126	118	143	0	F
126	127	112	4	R
126	127	119	4	L
126	127	126	60	U
126	127	128	0	F
126	134	117	4	L
126	134	125	4	R
126	134	126	60	U
126	134	133	0	F
127	112	111	4	R
127	112	113	4	L
127	112	127	60	U
127	112	141	0	F
127	119	118	4	L
127	119	120	4	R
127	119	127	60	U
127	119	146	0	F
127	126	111	4	L
127	126	118	4	R
127	126	127	60	U
127	126	134	0	F
127	128	113	4	R
127	128	120	4	L
127	128	127	60	U
127	128	129	0	F
128	113	112	4	R
128	113	128	60	U
128	113	142	0	F
128	120	119	4	L
128	120	121	4	R
128	120	128	60	U
128	120	145	0	F
128	127	112	4	L
128	127	119	4	R
128	127	126	0	F
128	127	128	60	U
128	129	121	4	L
128	129	128	60	U
128	129	345	4	R
129	121	120	4	L
129	121	129	60	U
129	121	144	0	F
129	128	113	4	L
129	128	120	4	R
129	128	127	0	F
129	128	129	60	U
129	345	129	60	U
129	345	454	4	R
130	131	114	4	R
130	131	122	4	L
130	131	130	60	U
130	131	132	0	F
130	489	130	60	U
130	489	138	4	R
130	539	130	60	U
130	539	480	0	F
131	114	92	0	F
131	114	115	4	L
131	114	131	60	U
131	122	123	4	R
131	122	131	60	U
131	122	138	0	F
131	130	131	60	U
131	130	489	4	R
131	130	539	4	L
131	132	115	4	R
131	132	123	4	L
131	132	131	60	U
131	132	133	0	F
132	115	91	0	F
132	115	114	4	R
132	115	116	4	L
132	115	132	60	U
132	123	122	4	L
132	123	124	4	R
132	123	132	60	U
132	123	490	0	F
132	131	114	4	L
132	131	122	4	R
132	131	130	0	F
132	131	132	60	U
132	133	116	4	R
132	133	124	4	L
132	133	132	60	U
132	133	134	0	F
133	116	90	0	F
133	116	115	4	R
133	116	117	4	L
133	116	133	60	U
133	124	123	4	L
133	124	125	4	R
133	124	133	60	U
133	124	139	0	F
133	132	115	4	L
133	132	123	4	R
133	132	131	0	F
133	132	133	60	U
133	134	117	4	R
133	134	125	4	L
133	134	126	0	F
133	134	133	60	U
134	117	111	4	L
134	117	116	4	R
134	117	134	60	U
134	125	118	4	R
134	125	124	4	L
134	125	134	60	U
134	125	491	0	F
134	126	111	4	R
134	126	118	4	L
134	126	127	0	F
134	126	134	60	U
134	133	116	4	L
134	133	124	4	R
134	133	132	0	F
134	133	134	60	U
135	136	135	60	U
135	136	137	0	F
135	136	283	4	L
135	136	284	4	R
135	520	135	60	U
135	520	283	4	R
135	520	382	0	F
135	520	426	4	L
136	135	136	60	U
136	135	520	4	R
136	137	136	60	U
136	137	490	0	F
136	137	493	4	R
136	283	136	60	U
136	283	282	0	F
136	283	520	4	L
136	283	525	4	R
136	284	136	60	U
136	284	293	4	R
137	136	135	0	F
137	136	137	60	U
137	136	283	4	R
137	136	284	4	L
137	490	123	0	F
137	490	137	60	U
137	490	139	4	L
137	493	138	4	L
137	493	526	0	F
138	122	123	4	L
138	122	131	0	F
138	122	138	60	U
138	490	123	4	R
138	490	137	4	L
138	490	139	0	F
138	493	138	60	U
138	493	526	4	L
139	124	123	4	R
139	124	125	4	L
139	124	133	0	F
139	124	139	60	U
139	491	125	4	R
139	491	492	0	F
139	491	525	4	L
140	105	90	0	F
140	105	104	4	L
140	105	140	60	U
140	110	109	4	R
140	110	140	60	U
141	112	111	4	L
141	112	113	4	R
141	112	127	0	F
141	112	141	60	U
141	142	113	4	L
141	142	141	60	U
141	142	454	4	R
141	148	141	60	U
141	148	454	4	L
142	113	112	4	L
142	113	128	0	F
142	113	142	60	U
142	141	112	4	R
142	141	142	60	U
142	141	148	4	L
142	454	142	60	U
142	454	148	4	R
142	454	345	4	L
143	118	119	4	L
143	118	125	4	R
143	118	126	0	F
143	118	143	60	U
143	146	119	4	R
143	146	143	60	U
143	146	145	0	F
143	147	143	60	U
143	147	540	4	R
144	121	120	4	R
144	121	129	0	F
144	121	144	60	U
144	145	120	4	L
144	145	144	60	U
144	145	146	0	F
144	145	529	4	R
144	346	144	60	U
144	346	529	4	L
145	120	119	4	R
145	120	121	4	L
145	120	128	0	F
145	120	145	60	U
145	144	121	4	R
145	144	145	60	U
145	144	346	4	L
145	146	119	4	L
145	146	143	0	F
145	146	145	60	U
145	529	145	60	U
145	529	346	4	R
146	119	118	4	R
146	119	120	4	L
146	119	127	0	F
146	119	146	60	U
146	143	118	4	L
146	143	146	60	U
146	143	147	0	F
146	145	120	4	R
146	145	144	0	F
146	145	146	60	U
146	145	529	4	L
147	143	118	4	R
147	143	146	0	F
147	143	147	60	U
147	540	147	0	O
147	540	453	0	O
148	141	112	0	F
148	141	142	4	R
148	141	148	60	U
148	454	142	4	L
148	454	148	60	U
148	454	345	0	F
149	150	151	0	F
149	150	436	4	R
149	180	179	4	L
149	180	399	4	R
150	151	406	4	L
150	436	150	60	U
150	436	179	0	F
150	436	473	4	L
151	406	404	4	L
151	406	476	4	R
151	406	504	0	F
152	473	153	8	L
152	473	436	0	F
153	474	514	0	F
154	155	154	60	U
154	155	179	0	F
154	194	154	60	U
154	194	195	4	R
154	194	236	4	R
155	154	155	60	U
155	154	194	0	F
155	179	155	60	U
155	179	180	4	L
155	179	436	4	R
156	157	22	0	F
156	157	156	60	U
156	157	403	4	L
156	157	449	4	R
156	450	156	60	U
156	450	447	4	R
156	450	449	4	L
156	450	465	0	F
156	451	156	60	U
156	451	402	0	F
157	22	17	4	L
157	22	157	60	U
157	156	157	60	U
157	156	450	4	L
157	156	451	4	R
157	403	157	60	U
157	403	402	4	L
157	403	462	0	F
157	449	157	60	U
157	449	450	4	R
158	159	158	60	U
158	159	176	4	L
158	159	177	4	R
158	198	158	60	U
158	198	197	0	F
158	198	207	4	L
158	198	442	4	R
158	442	158	60	U
158	442	198	4	L
159	158	159	60	U
159	158	198	0	F
159	158	442	4	R
159	176	159	60	U
159	176	185	4	R
159	177	159	60	U
159	177	184	4	L
159	177	208	4	R
160	30	23	4	R
160	30	160	60	U
160	189	160	60	U
160	189	165	4	L
160	204	24	4	L
160	204	160	60	U
160	204	166	4	R
160	204	202	0	F
161	162	405	4	R
161	238	161	60	U
161	238	239	0	F
161	238	356	4	L
161	238	400	4	R
161	421	161	60	U
161	421	181	4	R
161	421	193	0	F
162	405	399	0	F
162	405	421	4	R
163	355	412	0	F
164	165	164	60	U
164	165	166	0	F
164	165	188	4	R
164	165	189	4	L
164	178	27	4	R
164	178	164	60	U
164	178	472	4	L
165	164	165	60	U
165	164	178	4	L
165	166	165	60	U
165	166	167	0	F
165	166	204	4	L
165	166	256	4	R
165	188	165	60	U
165	188	187	0	F
165	188	256	4	L
165	189	160	4	R
165	189	165	60	U
166	165	164	0	F
166	165	166	60	U
166	165	188	4	L
166	165	189	4	R
166	167	166	60	U
166	167	168	0	F
166	167	201	4	R
166	167	202	4	L
166	204	24	0	F
166	204	160	4	L
166	204	166	60	U
166	204	202	4	R
166	256	166	60	U
166	256	188	4	R
166	256	201	4	L
166	256	422	0	F
167	166	165	0	F
167	166	167	60	U
167	166	204	4	R
167	166	256	4	L
167	168	25	4	R
167	168	167	60	U
167	168	205	4	L
167	168	237	0	F
167	201	25	4	L
167	201	167	60	U
167	201	200	0	F
167	201	256	4	R
167	202	167	60	U
167	202	203	0	F
167	202	204	4	L
167	202	205	4	R
168	25	26	4	L
168	25	168	60	U
168	25	201	4	R
168	25	423	0	F
168	167	166	0	F
168	167	168	60	U
168	167	201	4	L
168	167	202	4	R
168	205	168	60	U
168	205	196	0	F
168	205	202	4	L
168	205	206	4	R
168	237	168	60	U
168	237	195	0	F
168	237	206	4	L
168	237	236	4	R
169	99	100	4	R
169	99	170	0	F
169	327	254	0	F
169	327	353	4	L
170	266	100	4	R
170	266	170	60	U
170	266	267	4	L
170	267	372	0	F
170	373	98	4	L
171	172	171	60	U
171	172	287	0	F
171	192	532	4	L
172	171	172	60	U
172	171	192	0	F
172	287	172	60	U
172	287	298	0	F
173	174	173	60	U
173	174	199	4	R
173	174	484	0	F
173	174	510	4	L
173	175	61	0	F
173	175	173	60	U
173	175	458	4	L
173	175	507	4	R
173	220	35	4	R
173	220	173	60	U
173	220	199	4	L
173	220	431	0	F
173	486	81	0	F
173	486	173	60	U
173	486	507	4	L
173	486	510	4	R
174	173	174	60	U
174	173	175	0	F
174	173	220	4	L
174	173	486	4	R
174	199	83	0	F
174	199	220	4	R
174	484	174	60	U
174	484	483	0	F
174	510	174	60	U
174	510	428	0	F
174	510	483	4	R
174	510	486	4	L
175	61	60	4	R
175	61	62	4	L
175	61	175	60	U
175	61	439	0	F
175	173	174	0	F
175	173	175	60	U
175	173	220	4	R
175	173	486	4	L
175	458	35	4	L
175	458	62	4	R
175	458	175	60	U
175	458	432	0	F
175	507	60	4	L
175	507	175	60	U
175	507	485	0	F
175	507	486	4	R
176	159	158	4	R
176	159	176	60	U
176	159	177	0	F
176	185	176	60	U
176	185	184	4	R
176	185	193	0	F
177	159	158	4	L
177	159	176	0	F
177	159	177	60	U
177	184	177	60	U
177	184	185	4	L
177	184	398	0	F
177	208	177	60	U
177	208	195	0	F
177	208	207	4	R
178	27	28	4	R
178	27	178	60	U
178	164	165	4	R
178	164	178	60	U
178	472	178	60	U
178	472	531	0	F
179	155	154	0	F
179	155	179	60	U
179	180	179	60	U
179	180	399	0	F
179	436	150	0	F
179	436	179	60	U
179	436	473	4	R
180	179	155	4	R
180	179	180	60	U
180	179	436	4	L
180	399	398	4	L
180	399	405	4	R
181	182	181	60	U
181	182	193	4	L
181	182	445	4	R
181	191	181	60	U
181	191	445	4	L
181	421	161	4	L
181	421	181	60	U
181	421	193	4	R
182	181	182	60	U
182	181	191	4	L
182	181	421	4	R
182	193	182	60	U
182	193	185	4	R
182	193	398	0	F
182	193	421	4	L
182	445	182	60	U
182	445	191	4	R
182	445	360	0	F
183	82	83	4	L
183	341	183	60	U
183	341	338	4	L
184	177	159	4	R
184	177	184	60	U
184	177	208	0	F
184	185	176	4	L
184	185	184	60	U
184	185	193	4	R
184	398	180	4	R
184	398	184	60	U
184	398	193	4	L
184	398	399	0	F
185	176	159	4	L
185	176	185	60	U
185	184	177	4	R
185	184	185	60	U
185	184	398	4	L
185	193	182	4	L
185	193	185	60	U
185	193	398	4	R
185	193	421	0	F
186	187	186	60	U
186	187	188	0	F
186	187	422	4	R
186	392	32	0	F
186	392	186	60	U
186	392	422	4	L
186	531	186	60	U
186	531	472	0	F
187	186	187	60	U
187	186	392	4	L
187	186	531	4	R
187	188	165	0	F
187	188	187	60	U
187	188	256	4	R
187	422	187	60	U
187	422	200	0	F
187	422	256	4	L
188	165	164	4	L
188	165	166	4	R
188	165	188	60	U
188	165	189	0	F
188	187	186	0	F
188	187	188	60	U
188	187	422	4	L
188	256	166	4	L
188	256	188	60	U
188	256	201	0	F
188	256	422	4	R
189	160	30	4	L
189	160	189	60	U
189	160	204	0	F
189	165	164	4	R
189	165	166	4	L
189	165	188	0	F
189	165	189	60	U
190	191	181	0	F
190	191	445	4	R
190	357	323	4	L
190	357	325	4	R
190	446	356	0	F
191	181	182	4	R
191	181	191	60	U
191	181	421	0	F
191	445	182	4	L
191	445	191	60	U
191	445	360	4	R
192	532	440	0	F
192	532	533	0	F
193	182	181	4	R
193	182	193	60	U
193	182	445	0	F
193	185	176	0	F
193	185	184	4	L
193	185	193	60	U
193	398	180	0	F
193	398	184	4	R
193	398	193	60	U
193	398	399	4	L
193	421	161	0	F
193	421	181	4	L
193	421	193	60	U
194	154	155	0	F
194	154	194	60	U
194	195	207	0	F
194	195	208	4	R
194	195	237	4	L
194	236	194	60	U
194	236	237	4	R
195	207	195	60	U
195	207	198	0	F
195	207	206	4	L
195	207	208	4	R
195	208	177	0	F
195	208	195	60	U
195	208	207	4	L
195	237	168	0	F
195	237	195	60	U
195	237	206	4	R
195	237	236	4	L
196	197	196	60	U
196	197	198	0	F
196	205	168	0	F
196	205	196	60	U
196	205	202	4	R
196	205	206	4	L
197	196	197	60	U
197	196	205	4	L
197	198	158	0	F
197	198	197	60	U
197	198	207	4	R
197	198	442	4	L
198	158	159	0	F
198	158	198	60	U
198	158	442	4	L
198	197	196	0	F
198	197	198	60	U
198	207	195	0	F
198	207	198	60	U
198	207	206	4	R
198	207	208	4	L
198	442	158	4	R
198	442	198	60	U
199	83	431	4	R
199	83	433	0	F
199	220	35	0	F
199	220	173	4	R
199	220	199	60	U
199	220	431	4	L
200	201	25	4	R
200	201	167	0	F
200	201	200	60	U
200	201	256	4	L
200	417	200	60	U
200	417	418	4	R
200	417	423	0	F
200	422	187	0	F
200	422	200	60	U
200	422	256	4	R
201	25	26	0	F
201	25	168	4	L
201	25	201	60	U
201	25	423	4	R
201	167	166	4	L
201	167	168	4	R
201	167	201	60	U
201	167	202	0	F
201	200	201	60	U
201	200	417	4	L
201	200	422	4	R
201	256	166	4	R
201	256	188	0	F
201	256	201	60	U
201	256	422	4	L
202	167	166	4	R
202	167	168	4	L
202	167	201	0	F
202	167	202	60	U
202	203	202	60	U
202	203	348	4	L
202	204	24	4	R
202	204	160	0	F
202	204	166	4	L
202	204	202	60	U
202	205	168	4	R
202	205	196	4	L
202	205	202	60	U
202	205	206	0	F
203	202	167	0	F
203	202	203	60	U
203	202	204	4	R
203	202	205	4	L
203	348	24	4	L
203	348	31	0	F
203	348	203	60	U
204	24	23	0	F
204	24	204	60	U
204	24	348	0	F
204	160	30	4	R
204	160	189	0	F
204	160	204	60	U
204	166	165	4	R
204	166	167	4	L
204	166	204	60	U
204	166	256	0	F
204	202	167	4	R
204	202	203	4	L
204	202	204	60	U
204	202	205	0	F
205	168	25	0	F
205	168	167	4	R
205	168	205	60	U
205	168	237	4	L
205	196	197	4	R
205	196	205	60	U
205	202	167	4	L
205	202	203	4	R
205	202	204	0	F
205	202	205	60	U
205	206	205	60	U
205	206	207	0	F
205	206	237	4	R
206	205	168	4	L
206	205	196	4	R
206	205	202	0	F
206	205	206	60	U
206	207	195	4	R
206	207	198	4	L
206	207	206	60	U
206	207	208	0	F
206	237	168	4	R
206	237	195	4	L
206	237	206	60	U
206	237	236	0	F
207	195	207	60	U
207	195	208	4	L
207	195	237	4	R
207	198	158	4	R
207	198	197	4	L
207	198	207	60	U
207	198	442	0	F
207	206	205	0	F
207	206	207	60	U
207	206	237	4	L
207	208	177	4	L
207	208	195	4	R
207	208	207	60	U
208	177	159	4	L
208	177	184	0	F
208	177	208	60	U
208	195	207	4	R
208	195	208	60	U
208	195	237	4	R
208	207	195	4	L
208	207	198	4	R
208	207	206	0	F
208	207	208	60	U
209	210	209	60	U
209	210	211	0	F
209	210	224	4	R
209	219	209	60	U
209	219	218	0	F
209	219	523	4	L
210	209	210	60	U
210	209	219	0	F
210	211	210	60	U
210	211	212	0	F
210	224	210	60	U
210	224	223	4	R
210	224	242	0	F
211	210	209	0	F
211	210	211	60	U
211	210	224	4	L
211	212	211	60	U
211	212	213	0	F
212	211	210	0	F
212	211	212	60	U
212	213	212	60	U
212	213	214	0	F
212	213	230	4	L
213	212	211	0	F
213	212	213	60	U
213	214	213	60	U
213	230	213	60	U
213	230	262	4	R
214	213	212	0	F
214	213	214	60	U
214	213	230	4	R
215	216	215	60	U
215	216	217	0	F
215	216	435	4	R
215	248	215	60	U
215	248	435	4	L
215	414	259	4	R
215	414	415	4	L
216	215	216	60	U
216	215	248	4	L
216	215	414	4	R
216	217	216	60	U
216	217	218	0	F
216	217	231	4	R
216	217	249	4	L
216	435	216	60	U
216	435	248	4	R
216	435	250	4	L
217	216	215	0	F
217	216	217	60	U
217	216	435	4	L
217	218	217	60	U
217	218	219	0	F
217	218	232	4	R
217	218	258	4	L
217	231	217	60	U
217	231	232	4	L
217	231	250	0	F
217	249	217	60	U
217	249	260	4	R
218	217	216	0	F
218	217	218	60	U
218	217	231	4	L
218	217	249	4	R
218	219	209	0	F
218	219	218	60	U
218	219	523	4	R
218	232	218	60	U
218	232	231	4	R
218	232	257	0	F
218	258	101	4	R
218	258	218	60	U
219	209	210	0	F
219	209	219	60	U
219	218	217	0	F
219	218	219	60	U
219	218	232	4	L
219	218	258	4	R
219	523	219	60	U
219	523	265	0	F
219	523	524	0	F
220	35	34	4	L
220	35	220	60	U
220	35	458	0	F
220	173	174	4	R
220	173	175	4	L
220	173	220	60	U
220	173	486	0	F
220	199	83	4	R
220	199	220	60	U
220	431	34	4	R
220	431	83	4	L
220	431	220	60	U
220	431	457	4	R
221	28	29	4	L
221	222	6	4	L
221	222	221	60	U
222	6	7	4	L
222	221	28	4	L
222	221	222	60	U
223	224	210	4	L
223	224	223	60	U
223	224	242	4	R
223	225	223	60	U
223	225	336	4	L
223	225	384	4	R
224	210	209	4	L
224	210	211	4	R
224	210	224	60	U
224	223	224	60	U
224	223	225	0	F
224	242	224	60	U
224	242	333	0	F
225	223	224	0	F
225	223	225	60	U
225	336	225	60	U
225	336	332	0	F
225	384	225	60	U
225	384	524	0	F
226	227	330	0	F
226	361	226	60	U
226	361	408	4	R
227	330	363	0	F
228	229	2	0	F
228	229	362	4	R
228	329	228	60	U
228	329	275	4	L
228	329	279	0	F
229	2	3	4	R
229	2	460	0	F
229	362	363	0	F
229	362	513	4	R
230	213	212	4	R
230	213	214	4	L
230	213	230	60	U
230	262	214	4	R
230	262	263	0	F
231	217	216	4	L
231	217	218	4	R
231	217	231	60	U
231	217	249	0	F
231	232	218	4	L
231	232	231	60	U
231	232	257	4	R
231	250	231	60	U
231	250	251	0	F
231	250	435	4	R
232	218	217	4	L
232	218	219	4	R
232	218	232	60	U
232	218	258	0	F
232	231	217	4	R
232	231	232	60	U
232	231	250	4	L
232	257	232	60	U
232	257	264	4	R
232	257	265	4	L
233	211	210	4	R
233	211	212	4	L
233	212	211	4	R
233	212	213	4	L
234	328	5	4	L
234	328	339	0	F
235	361	226	4	R
235	361	408	0	F
236	194	154	4	L
236	194	195	4	L
236	194	236	60	U
236	237	168	4	L
236	237	195	4	R
236	237	206	0	F
236	237	236	60	U
237	168	25	4	L
237	168	167	0	F
237	168	205	4	R
237	168	237	60	U
237	195	207	4	L
237	195	208	4	L
237	195	237	60	U
237	206	205	4	L
237	206	207	4	R
237	206	237	60	U
237	236	194	4	L
237	236	237	60	U
238	161	162	4	L
238	161	238	60	U
238	161	421	0	F
238	239	238	60	U
238	239	240	0	F
238	239	401	4	R
238	239	413	4	L
238	356	163	4	R
238	356	238	60	U
238	356	326	0	F
238	400	162	4	R
238	400	238	60	U
238	400	401	4	L
238	400	404	0	F
239	238	161	0	F
239	238	239	60	U
239	238	356	4	R
239	238	400	4	L
239	240	239	60	U
239	240	434	4	R
239	401	239	60	U
239	401	400	4	R
239	401	402	4	L
239	401	448	0	F
239	413	239	60	U
239	413	411	0	F
239	413	416	4	R
240	239	238	0	F
240	239	240	60	U
240	239	401	4	L
240	239	413	4	R
240	434	240	60	U
240	434	452	0	F
241	235	361	0	F
242	224	210	0	F
242	224	223	4	L
242	224	242	60	U
242	333	21	0	F
242	333	242	60	U
243	229	2	4	L
243	229	362	0	F
243	244	277	0	F
243	244	279	4	L
243	244	349	4	R
244	277	276	4	L
244	277	350	0	F
244	279	244	60	U
244	279	329	0	F
244	349	244	60	U
244	349	517	4	R
245	246	245	60	U
245	246	247	0	F
245	340	347	4	R
246	245	246	60	U
246	245	340	4	R
246	247	246	60	U
246	247	328	4	R
247	246	245	0	F
247	246	247	60	U
247	328	5	0	F
247	328	339	4	R
248	215	216	4	R
248	215	248	60	U
248	215	414	0	F
248	435	216	4	L
248	435	248	60	U
248	435	250	0	F
249	217	216	4	R
249	217	218	4	L
249	217	231	0	F
249	217	249	60	U
249	260	258	0	F
250	231	217	0	F
250	231	232	4	R
250	231	250	60	U
250	251	250	60	U
250	251	334	0	F
250	435	216	4	R
250	435	248	0	F
250	435	250	60	U
251	250	231	0	F
251	250	251	60	U
251	250	435	4	L
251	334	251	60	U
251	334	335	0	F
252	230	213	4	R
252	230	262	0	F
252	233	211	0	F
252	233	212	0	F
253	254	255	0	F
253	327	254	4	R
253	327	353	0	F
254	255	16	4	R
255	16	425	0	F
255	16	467	4	L
256	166	165	4	L
256	166	167	4	R
256	166	204	0	F
256	166	256	60	U
256	188	165	4	R
256	188	187	4	L
256	188	256	60	U
256	201	25	0	F
256	201	167	4	L
256	201	200	4	R
256	201	256	60	U
256	422	187	4	R
256	422	200	4	L
256	422	256	60	U
257	232	218	0	F
257	232	231	4	L
257	232	257	60	U
257	264	257	60	U
257	264	331	0	F
257	265	257	60	U
257	265	524	4	R
258	101	219	4	R
258	101	261	0	F
258	218	217	4	R
258	218	219	4	L
258	218	232	0	F
258	218	258	60	U
259	249	217	4	R
259	249	260	0	F
259	371	259	60	U
259	371	369	0	F
259	414	259	60	U
259	414	415	0	F
260	258	101	0	F
260	258	218	4	R
261	252	230	0	F
261	252	233	4	R
261	266	100	4	L
261	266	170	0	F
261	266	267	4	R
262	214	213	4	R
262	263	312	4	L
263	312	12	0	F
263	312	379	4	L
264	257	232	4	L
264	257	264	60	U
264	257	265	0	F
264	331	19	0	F
264	331	264	60	U
265	257	232	4	R
265	257	264	0	F
265	257	265	60	U
265	524	265	60	U
265	524	384	4	R
265	524	523	4	L
266	100	101	4	L
266	100	369	0	F
266	170	266	60	U
266	170	267	4	R
266	170	373	0	F
266	267	372	0	F
267	372	374	0	F
268	269	268	60	U
268	269	270	0	F
268	280	268	60	U
268	280	273	0	F
268	280	281	4	L
268	280	534	4	R
269	268	269	60	U
269	268	280	4	R
269	270	269	60	U
269	270	271	4	R
270	269	268	0	F
270	269	270	60	U
270	271	270	60	U
270	271	274	0	F
270	271	351	4	L
271	270	269	4	L
271	270	271	60	U
271	274	271	60	U
271	274	275	4	L
271	274	471	0	F
271	351	271	60	U
271	351	278	4	R
271	351	350	0	F
272	273	272	60	U
272	273	280	4	L
272	273	482	4	R
272	503	272	60	U
272	503	467	0	F
272	503	482	4	L
272	503	499	4	R
272	534	272	60	U
272	534	280	4	R
272	534	500	0	F
273	272	273	60	U
273	272	503	4	L
273	272	534	4	R
273	280	268	0	F
273	280	273	60	U
273	280	281	4	R
273	280	534	4	L
273	482	273	60	U
273	482	425	0	F
273	482	503	4	R
274	271	270	0	F
274	271	274	60	U
274	271	351	4	R
274	275	274	60	U
274	275	278	4	L
274	275	516	4	R
274	471	274	60	U
274	471	516	4	L
275	274	271	4	R
275	274	275	60	U
275	274	471	4	L
275	278	275	60	U
275	278	276	4	R
275	278	351	0	F
275	516	275	60	U
275	516	358	0	F
275	516	471	4	R
276	277	276	60	U
276	277	350	4	L
276	279	244	4	L
276	279	329	4	R
277	276	277	60	U
277	276	279	4	L
277	350	277	60	U
277	350	351	0	F
278	275	274	4	R
278	275	278	60	U
278	275	516	0	F
278	276	277	4	L
278	276	279	0	F
278	351	271	4	L
278	351	278	60	U
278	351	350	4	R
279	244	277	4	L
279	244	279	60	U
279	244	349	0	F
279	329	228	0	F
279	329	275	4	R
279	329	279	60	U
280	268	269	4	L
280	268	280	60	U
280	273	272	4	R
280	273	280	60	U
280	273	482	0	F
280	281	15	4	R
280	534	272	4	L
280	534	280	60	U
280	534	500	4	R
281	15	16	4	R
281	15	281	60	U
281	15	373	0	F
282	283	136	0	F
282	283	282	60	U
282	283	520	4	R
282	283	525	4	L
282	286	282	60	U
282	286	285	0	F
282	286	521	4	L
282	383	492	0	F
282	383	525	4	R
283	136	135	4	R
283	136	137	4	L
283	136	283	60	U
283	136	284	0	F
283	282	283	60	U
283	282	286	0	F
283	282	383	4	R
283	520	135	4	L
283	520	283	60	U
283	520	382	4	R
283	520	426	0	F
283	525	137	4	R
283	525	283	60	U
283	525	491	0	F
284	136	135	4	L
284	136	137	4	R
284	136	283	0	F
284	136	284	60	U
284	293	284	60	U
284	293	294	4	L
285	286	282	0	F
285	286	285	60	U
285	286	521	4	R
285	303	285	60	U
285	303	302	0	F
285	303	521	4	L
285	303	522	4	R
285	304	285	60	U
285	304	528	4	R
286	282	283	0	F
286	282	286	60	U
286	282	383	4	L
286	285	286	60	U
286	285	303	4	L
286	285	304	4	R
286	521	303	4	R
286	521	306	0	F
286	521	382	4	L
287	172	171	0	F
287	172	287	60	U
287	298	287	60	U
287	298	466	4	R
288	289	288	60	U
288	289	381	4	L
288	290	288	60	U
288	290	380	4	L
289	288	289	60	U
289	288	290	0	F
289	381	306	4	L
289	381	382	0	F
289	381	426	4	R
290	288	289	0	F
290	288	290	60	U
290	380	21	4	L
290	380	299	4	R
291	292	291	60	U
291	292	302	4	R
291	292	305	4	L
291	300	291	60	U
291	300	299	0	F
291	300	302	4	L
292	291	292	60	U
292	291	300	4	L
292	302	292	60	U
292	302	300	4	R
292	302	303	4	L
292	302	306	0	F
292	305	292	60	U
292	305	522	4	R
293	284	136	4	L
293	284	293	60	U
293	294	293	60	U
293	294	301	4	R
294	293	284	4	R
294	293	294	60	U
294	301	17	0	F
294	301	294	60	U
295	296	295	60	U
295	296	297	0	F
295	337	295	60	U
295	337	317	4	L
295	337	495	4	R
296	295	296	60	U
296	295	337	4	R
296	297	296	60	U
296	297	437	4	L
297	296	295	0	F
297	296	297	60	U
297	437	297	60	U
297	437	494	0	F
298	287	172	0	F
298	287	298	60	U
298	466	495	4	L
299	300	291	0	F
299	300	299	60	U
299	300	302	4	R
299	380	21	0	F
299	380	299	60	U
300	291	292	4	R
300	291	300	60	U
300	299	300	60	U
300	299	380	0	F
300	302	292	4	L
300	302	300	60	U
300	302	303	0	F
300	302	306	4	R
301	17	18	4	R
301	17	22	4	L
301	17	301	60	U
301	294	293	4	L
301	294	301	60	U
302	292	291	4	L
302	292	302	60	U
302	292	305	0	F
302	300	291	4	R
302	300	299	4	L
302	300	302	60	U
302	303	285	0	F
302	303	302	60	U
302	303	521	4	R
302	303	522	4	L
302	306	290	4	R
302	306	302	60	U
302	306	381	0	F
303	285	286	4	R
303	285	303	60	U
303	285	304	0	F
303	302	292	4	R
303	302	300	0	F
303	302	303	60	U
303	302	306	4	L
303	521	303	60	U
303	521	306	4	R
303	521	382	0	F
303	522	303	60	U
303	522	305	4	L
304	285	286	4	L
304	285	303	0	F
304	285	304	60	U
304	528	304	60	U
304	528	527	0	F
305	292	291	4	R
305	292	302	0	F
305	292	305	60	U
305	522	303	4	R
305	522	305	60	U
306	290	288	4	L
306	290	380	0	F
306	302	292	0	F
306	302	300	4	L
306	302	303	4	R
306	302	306	60	U
306	381	306	60	U
306	381	382	4	L
306	381	426	0	F
307	308	10	0	F
307	308	307	60	U
307	308	314	4	L
307	308	318	4	R
307	313	307	60	U
307	313	314	4	R
307	319	307	60	U
307	319	311	4	L
308	10	11	4	R
308	10	308	60	U
308	307	308	60	U
308	307	313	4	R
308	307	319	4	L
308	314	308	60	U
308	314	313	4	L
308	314	315	4	R
308	314	321	0	F
308	318	11	4	L
308	318	308	60	U
308	318	311	4	R
309	320	309	60	U
309	320	316	0	F
309	321	309	60	U
309	321	314	0	F
310	13	14	4	R
310	13	310	60	U
310	501	310	60	U
310	501	501	4	L
311	318	11	0	F
311	318	308	4	L
311	318	311	60	U
311	319	307	4	R
311	319	311	60	U
312	12	13	4	L
312	379	375	4	L
312	379	378	0	F
313	307	308	4	L
313	307	313	60	U
313	307	319	0	F
313	314	308	4	R
313	314	313	60	U
313	314	315	0	F
313	314	321	4	L
314	308	10	4	L
314	308	307	4	R
314	308	314	60	U
314	308	318	0	F
314	313	307	4	L
314	313	314	60	U
314	315	314	60	U
314	315	385	4	R
314	321	309	0	F
314	321	314	60	U
315	314	308	4	L
315	314	313	0	F
315	314	315	60	U
315	314	321	4	R
315	385	386	0	F
316	317	316	60	U
316	317	337	4	L
316	317	407	4	R
316	320	309	0	F
316	320	316	60	U
317	316	317	60	U
317	316	320	4	L
317	337	295	4	R
317	337	317	60	U
317	337	495	0	F
317	407	317	60	U
317	407	321	4	R
317	407	515	0	F
318	11	12	4	R
318	11	318	60	U
318	308	10	4	R
318	308	307	4	L
318	308	314	0	F
318	308	318	60	U
318	311	318	60	U
318	311	319	0	F
319	307	308	4	R
319	307	313	0	F
319	307	319	60	U
319	311	318	0	F
319	311	319	60	U
320	309	320	60	U
320	309	321	0	F
320	316	317	4	R
320	316	320	60	U
321	309	320	0	F
321	309	321	60	U
321	314	308	0	F
321	314	313	4	R
321	314	315	4	L
321	314	321	60	U
322	323	1	0	F
322	325	326	4	L
323	1	2	0	F
323	1	243	4	R
323	1	324	4	L
324	360	190	0	F
325	326	364	0	F
326	364	365	0	F
326	364	366	4	L
327	254	255	4	L
327	353	367	0	F
328	5	6	4	R
328	5	30	0	F
328	339	183	0	F
328	339	245	4	R
329	228	229	4	L
329	228	329	60	U
329	275	274	0	F
329	275	278	4	R
329	275	516	4	L
329	279	244	0	F
329	279	329	60	U
330	363	4	0	F
330	363	234	4	R
331	19	18	4	R
331	19	20	4	L
331	19	331	60	U
331	264	257	0	F
331	264	331	60	U
332	20	19	4	R
332	20	21	4	L
332	20	332	60	U
332	20	426	0	F
332	336	225	0	F
332	336	332	60	U
333	21	20	4	R
333	21	289	0	F
333	21	333	60	U
333	21	380	4	L
333	242	224	0	F
333	242	333	60	U
334	251	250	0	F
334	251	334	60	U
334	335	18	0	F
334	335	334	60	U
334	335	420	4	R
335	18	17	4	R
335	18	19	4	L
335	18	301	0	F
335	18	335	60	U
335	334	251	0	F
335	334	335	60	U
335	420	335	60	U
335	420	464	4	R
336	225	223	4	R
336	225	336	60	U
336	225	384	0	F
336	332	20	0	F
336	332	336	60	U
337	295	296	4	L
337	295	337	60	U
337	317	316	4	R
337	317	337	60	U
337	317	407	0	F
337	495	337	60	U
337	495	494	4	R
338	8	9	4	R
338	8	221	0	F
338	339	183	4	L
338	339	245	0	F
339	183	82	0	F
339	183	341	4	L
339	245	246	4	R
339	245	340	0	F
340	347	241	0	F
340	347	247	4	R
341	183	82	4	L
341	183	341	60	U
341	338	8	4	R
341	338	339	4	L
342	84	102	0	F
342	84	342	60	U
342	106	107	4	L
342	106	342	60	U
342	106	536	0	F
343	85	86	4	R
343	85	343	60	U
343	85	535	0	F
343	344	97	0	F
343	344	343	60	U
343	344	502	4	L
344	97	96	4	L
344	97	344	60	U
344	343	85	4	R
344	343	344	60	U
344	502	86	0	F
344	502	96	4	R
344	502	344	60	U
345	129	121	0	F
345	129	128	4	L
345	129	345	60	U
345	454	142	4	R
345	454	148	0	F
345	454	345	60	U
346	144	121	0	F
346	144	145	4	R
346	144	346	60	U
346	529	145	4	L
346	529	346	60	U
347	241	235	0	F
347	247	246	4	R
347	247	328	0	F
348	24	23	8	R
348	24	204	0	F
348	24	348	60	U
348	31	3	0	F
348	31	459	4	R
348	203	202	4	R
348	203	348	60	U
349	244	277	4	R
349	244	279	0	F
349	244	349	60	U
349	517	243	4	R
350	277	276	4	R
350	277	350	60	U
350	351	271	0	F
350	351	278	4	L
350	351	350	60	U
351	271	270	4	R
351	271	274	4	L
351	271	351	60	U
351	278	275	0	F
351	278	276	4	L
351	278	351	60	U
351	350	277	0	F
351	350	351	60	U
352	353	367	4	L
352	519	370	4	L
352	519	371	4	R
353	367	365	4	L
353	367	368	0	F
354	352	353	4	L
354	352	519	0	F
354	355	412	4	L
355	412	259	0	F
355	412	411	4	R
356	163	355	0	F
356	238	161	4	R
356	238	239	4	L
356	238	356	60	U
356	238	400	0	F
356	326	364	4	R
357	323	1	0	F
357	325	326	0	F
358	359	228	4	L
358	408	358	60	U
358	408	361	0	F
358	516	275	0	F
358	516	358	60	U
358	516	471	4	L
359	228	229	4	R
359	228	329	0	F
360	190	191	4	R
360	190	357	4	L
360	190	446	0	F
361	226	227	0	F
361	226	361	60	U
361	408	358	0	F
361	408	361	60	U
362	363	4	4	L
362	363	234	0	F
362	513	226	0	F
362	513	227	4	L
363	4	5	4	R
363	4	23	0	F
363	234	328	0	F
364	365	354	0	F
364	366	410	4	L
365	354	352	0	F
365	354	355	4	R
366	410	322	0	F
367	365	354	4	L
367	368	366	0	F
367	368	468	4	R
368	366	410	0	F
368	468	469	4	L
368	468	498	0	F
369	370	169	0	F
369	371	259	0	F
369	371	369	60	U
370	169	99	4	R
370	169	327	0	F
371	259	249	4	L
371	259	371	60	U
371	259	414	0	F
371	369	370	0	F
371	369	371	60	U
372	374	375	0	F
372	374	378	4	L
373	98	99	4	L
373	98	253	0	F
374	375	230	4	R
374	378	376	4	L
375	230	213	0	F
375	230	262	4	L
376	372	374	4	L
376	377	14	4	R
376	377	373	0	F
377	14	15	4	L
377	373	98	0	F
378	376	372	4	L
378	376	377	0	F
379	375	230	4	L
379	378	376	0	F
380	21	20	0	F
380	21	289	4	L
380	21	333	4	R
380	21	380	60	U
380	299	300	0	F
380	299	380	60	U
381	306	290	4	L
381	306	302	0	F
381	306	381	60	U
381	382	282	0	F
381	382	520	4	R
381	382	521	4	L
381	426	20	4	R
381	426	381	60	U
381	426	520	4	L
382	282	283	4	R
382	282	286	4	L
382	282	383	0	F
382	520	135	0	F
382	520	283	4	L
382	520	382	60	U
382	520	426	4	R
382	521	303	0	F
382	521	306	4	L
382	521	382	60	U
383	492	383	60	U
383	492	453	4	L
383	525	137	0	F
383	525	283	4	R
383	525	491	4	L
384	225	223	4	L
384	225	336	0	F
384	225	384	60	U
384	524	265	4	L
384	524	384	60	U
384	524	523	0	F
385	386	10	4	R
385	386	312	0	F
386	10	11	4	L
386	10	308	0	F
386	312	12	4	R
386	312	379	0	F
387	388	171	4	L
387	389	388	4	L
388	171	172	4	R
388	171	192	4	L
389	388	171	0	F
390	32	33	4	L
390	32	390	60	U
390	32	392	0	F
390	36	37	0	F
390	36	427	4	R
390	418	390	60	U
390	418	423	0	F
391	33	391	60	U
391	33	395	4	R
391	33	427	0	F
391	62	61	4	L
391	62	391	60	U
391	62	458	0	F
391	392	32	4	R
391	392	186	4	L
391	392	422	0	F
392	32	33	4	R
392	32	390	0	F
392	32	392	60	U
392	186	187	4	R
392	186	392	60	U
392	186	531	0	F
392	422	187	4	L
392	422	200	4	R
392	422	256	0	F
393	46	45	4	L
393	46	47	4	R
393	46	58	0	F
393	46	393	60	U
393	394	45	4	R
393	394	76	0	F
393	394	393	60	U
393	397	47	4	L
393	397	65	4	R
393	397	393	60	U
393	397	396	0	F
394	45	44	4	L
394	45	46	4	R
394	45	57	0	F
394	45	394	60	U
394	76	44	4	R
394	76	73	0	F
394	76	77	4	L
394	76	394	60	U
394	393	46	4	L
394	393	394	60	U
394	393	397	0	F
395	33	391	4	L
395	33	395	60	U
395	33	427	4	R
395	49	48	4	L
395	49	395	60	U
395	49	439	0	F
395	396	48	4	R
395	396	395	60	U
395	396	397	0	F
395	396	487	4	L
395	455	38	0	F
395	455	395	60	U
396	48	47	4	L
396	48	49	4	R
396	48	396	60	U
396	48	438	0	F
396	395	33	0	F
396	395	49	4	L
396	395	396	60	U
396	395	455	4	R
396	397	47	4	R
396	397	65	4	L
396	397	393	0	F
396	397	396	60	U
396	487	65	4	R
396	487	396	60	U
397	47	46	4	L
397	47	48	4	R
397	47	59	0	F
397	47	397	60	U
397	65	397	60	U
397	65	487	4	L
397	393	46	4	R
397	393	394	0	F
397	393	397	60	U
397	396	48	4	L
397	396	395	0	F
397	396	397	60	U
397	396	487	4	R
398	180	179	4	R
398	180	399	4	L
398	184	177	0	F
398	184	185	4	R
398	184	398	60	U
398	193	182	0	F
398	193	185	4	L
398	193	398	60	U
398	193	421	4	R
398	399	398	60	U
398	399	405	0	F
399	398	180	4	L
399	398	184	0	F
399	398	193	4	R
399	398	399	60	U
399	405	399	60	U
399	405	421	4	L
400	162	405	0	F
400	238	161	4	L
400	238	239	4	R
400	238	356	0	F
400	238	400	60	U
400	401	239	4	L
400	401	400	60	U
400	401	402	0	F
400	401	448	4	R
400	404	149	4	R
400	404	400	60	U
400	404	406	0	F
400	404	447	4	L
401	239	238	4	L
401	239	240	4	R
401	239	401	60	U
401	239	413	0	F
401	400	162	0	F
401	400	238	4	R
401	400	401	60	U
401	400	404	4	L
401	402	401	60	U
401	402	403	0	F
401	402	451	4	R
401	402	452	4	L
401	448	401	60	U
401	448	447	4	R
402	401	239	4	R
402	401	400	0	F
402	401	402	60	U
402	401	448	4	L
402	403	157	4	R
402	403	402	60	U
402	403	462	4	L
402	451	156	0	F
402	451	402	60	U
402	452	402	60	U
402	452	434	0	F
402	452	462	4	R
403	157	22	4	L
403	157	156	4	R
403	157	403	60	U
403	157	449	0	F
403	402	401	0	F
403	402	403	60	U
403	402	451	4	L
403	402	452	4	R
403	462	403	60	U
403	462	452	4	L
403	462	463	0	F
404	149	150	4	L
404	149	180	0	F
404	400	162	4	L
404	400	238	0	F
404	400	401	4	R
404	400	404	60	U
404	406	404	60	U
404	406	476	0	F
404	406	504	4	L
404	447	404	60	U
404	447	448	4	L
404	447	450	0	F
404	447	504	4	R
405	399	398	0	F
405	399	405	60	U
405	421	161	4	R
405	421	181	0	F
405	421	193	4	L
406	404	149	4	L
406	404	400	0	F
406	404	406	60	U
406	404	447	4	R
406	476	406	60	U
406	476	477	4	R
406	504	406	60	U
406	504	447	4	L
406	504	465	0	F
407	317	316	4	L
407	317	337	0	F
407	317	407	60	U
407	321	309	4	R
407	321	314	4	L
407	515	315	0	F
407	515	407	60	U
408	358	359	4	R
408	358	408	60	U
408	358	516	0	F
408	361	226	4	L
408	361	408	60	U
409	410	322	4	R
409	470	349	4	R
409	470	517	0	F
410	322	323	0	F
410	322	325	4	L
411	412	259	4	R
411	412	411	60	U
411	413	239	0	F
411	413	411	60	U
411	413	416	4	L
412	259	249	0	F
412	259	371	4	L
412	259	414	4	R
412	411	412	60	U
412	411	413	0	F
413	239	238	4	R
413	239	240	4	L
413	239	401	0	F
413	239	413	60	U
413	411	412	0	F
413	411	413	60	U
413	416	240	4	R
413	416	413	60	U
414	259	249	4	R
414	259	371	0	F
414	259	414	60	U
414	415	215	4	L
414	415	416	0	F
415	215	216	4	L
415	215	248	4	R
415	215	414	4	L
415	416	240	0	F
415	416	413	4	R
416	240	239	4	R
416	240	434	4	L
416	413	239	4	L
416	413	411	4	R
416	413	416	60	U
417	200	201	4	R
417	200	417	60	U
417	200	422	0	F
417	418	390	0	F
417	418	423	8	L
417	423	25	4	L
417	423	417	60	U
417	423	418	4	R
417	423	424	0	F
418	390	32	4	R
418	390	36	0	F
418	390	418	60	U
418	423	25	0	F
418	423	417	4	L
418	423	418	60	U
418	423	424	4	R
419	41	40	4	L
419	41	53	0	F
419	41	419	60	U
419	41	543	4	R
419	69	42	4	L
419	69	73	0	F
419	69	419	60	U
419	70	40	4	R
419	70	419	60	U
420	335	18	4	R
420	335	334	4	L
420	335	420	60	U
420	464	518	0	F
421	161	162	4	R
421	161	238	0	F
421	161	421	60	U
421	181	182	4	L
421	181	191	0	F
421	181	421	60	U
421	193	182	4	R
421	193	185	0	F
421	193	398	4	L
421	193	421	60	U
422	187	186	4	L
422	187	188	4	R
422	187	422	60	U
422	200	201	4	L
422	200	417	0	F
422	200	422	60	U
422	256	166	0	F
422	256	188	4	L
422	256	201	4	R
422	256	422	60	U
423	25	26	4	R
423	25	168	0	F
423	25	201	4	L
423	25	423	60	U
423	417	200	0	F
423	417	418	4	L
423	417	423	60	U
423	418	390	0	F
423	418	423	60	U
423	424	26	4	L
424	26	481	4	R
425	16	425	60	U
425	16	467	4	R
425	482	273	0	F
425	482	425	60	U
425	482	503	4	L
426	20	19	4	L
426	20	21	4	R
426	20	332	0	F
426	20	426	60	U
426	381	306	0	F
426	381	382	4	R
426	381	426	60	U
426	520	135	4	R
426	520	283	0	F
426	520	382	4	L
426	520	426	60	U
427	33	391	0	F
427	33	395	4	L
427	33	427	60	U
427	36	37	4	R
427	36	427	60	U
427	430	37	4	L
427	430	427	60	U
428	81	80	4	R
428	81	428	60	U
428	81	485	0	F
428	81	486	4	L
428	509	78	0	F
428	509	80	4	L
428	509	428	60	U
428	510	174	0	F
428	510	428	60	U
428	510	483	4	L
428	510	486	4	R
429	57	45	0	F
429	57	56	4	R
429	57	58	4	L
429	57	429	60	U
429	79	78	4	L
429	79	80	4	R
429	79	429	60	U
429	506	58	4	R
429	506	80	4	L
429	506	429	60	U
429	506	485	0	F
429	542	75	0	F
429	542	429	60	U
430	37	36	4	L
430	37	38	4	R
430	37	430	60	U
430	427	33	4	L
430	427	36	4	R
430	427	430	60	U
431	34	35	4	R
431	34	431	60	U
431	34	432	0	F
431	83	431	60	U
431	83	433	4	R
431	220	35	4	L
431	220	173	0	F
431	220	199	4	R
431	220	431	60	U
431	457	431	60	U
431	457	456	4	R
431	457	530	4	R
432	34	35	4	L
432	34	431	0	F
432	34	432	60	U
432	456	432	60	U
432	456	457	0	F
432	458	35	4	R
432	458	62	4	L
432	458	175	0	F
432	458	432	60	U
433	341	183	4	L
433	341	338	0	F
434	240	239	4	L
434	240	434	60	U
434	452	402	0	F
434	452	434	60	U
434	452	462	4	L
435	216	215	4	L
435	216	217	4	R
435	216	435	60	U
435	248	215	4	R
435	248	435	60	U
435	250	231	4	L
435	250	251	4	R
435	250	435	60	U
436	150	151	4	R
436	150	436	60	U
436	179	155	4	L
436	179	180	4	R
436	179	436	60	U
436	473	153	4	R
436	473	436	60	U
437	297	296	4	R
437	297	437	60	U
437	494	437	60	U
437	494	496	4	R
438	48	47	4	R
438	48	49	4	L
438	48	396	0	F
438	48	438	60	U
438	60	59	4	L
438	60	61	4	R
438	60	438	60	U
438	60	507	0	F
438	439	49	4	R
438	439	61	4	L
438	439	438	60	U
439	49	48	4	R
439	49	395	0	F
439	49	439	60	U
439	61	60	4	L
439	61	62	4	R
439	61	175	0	F
439	61	439	60	U
439	438	48	4	L
439	438	60	4	R
439	438	439	60	U
440	533	387	0	F
441	475	479	0	F
442	158	159	4	L
442	158	198	4	R
442	158	442	60	U
442	198	158	4	L
442	198	197	4	R
442	198	207	0	F
442	198	442	60	U
443	488	489	0	F
443	488	526	4	L
444	511	512	0	F
445	182	181	4	L
445	182	193	0	F
445	182	445	60	U
445	191	181	4	R
445	191	445	60	U
445	360	190	4	R
446	356	163	0	F
446	356	238	4	R
446	356	326	4	L
447	404	149	0	F
447	404	400	4	R
447	404	406	4	L
447	404	447	60	U
447	448	401	4	L
447	448	447	60	U
447	450	156	4	L
447	450	447	60	U
447	450	449	0	F
447	450	465	4	R
447	504	406	4	R
447	504	447	60	U
447	504	465	4	L
448	401	239	0	F
448	401	400	4	L
448	401	402	4	R
448	401	448	60	U
448	447	404	4	R
448	447	448	60	U
448	447	450	4	L
448	447	504	0	F
449	157	22	4	R
449	157	156	4	L
449	157	403	0	F
449	157	449	60	U
449	450	156	4	R
449	450	447	0	F
449	450	449	60	U
449	450	465	4	L
450	156	157	4	R
450	156	450	60	U
450	156	451	0	F
450	447	404	0	F
450	447	448	4	R
450	447	450	60	U
450	447	504	4	L
450	449	157	4	L
450	449	450	60	U
450	465	450	60	U
450	465	504	4	R
451	156	157	4	L
451	156	450	0	F
451	156	451	60	U
451	402	401	4	L
451	402	403	4	R
451	402	451	60	U
451	402	452	0	F
452	402	401	4	R
452	402	403	4	L
452	402	451	0	F
452	402	452	60	U
452	434	240	0	F
452	434	452	60	U
452	462	403	4	R
452	462	452	60	U
452	462	463	4	L
453	527	286	0	F
453	527	383	4	L
453	527	453	60	U
453	528	304	0	F
453	528	527	8	L
453	540	147	0	O
453	540	453	0	O
454	142	113	0	F
454	142	141	4	L
454	142	454	60	U
454	148	141	4	R
454	148	454	60	U
454	345	129	4	L
454	345	454	60	U
455	38	37	4	L
455	38	455	60	U
455	395	33	4	R
455	395	49	0	F
455	395	396	4	L
455	395	455	60	U
456	432	34	4	R
456	432	456	60	U
456	432	458	0	F
456	457	431	4	L
456	457	456	60	U
456	457	530	4	R
457	431	34	4	L
457	431	83	4	R
457	431	220	4	L
457	431	457	60	U
457	456	432	0	F
457	456	457	60	U
457	530	27	4	R
458	35	34	4	R
458	35	220	0	F
458	35	458	60	U
458	62	61	4	R
458	62	391	0	F
458	62	458	60	U
458	175	61	4	L
458	175	173	4	R
458	175	458	60	U
458	175	507	0	F
458	432	34	4	L
458	432	456	0	F
458	432	458	60	U
459	460	461	0	F
460	461	324	0	F
461	324	360	0	F
462	403	157	0	F
462	403	402	4	R
462	403	462	60	U
462	452	402	4	L
462	452	434	4	R
462	452	462	60	U
462	463	420	4	L
463	420	335	4	R
463	420	464	0	F
464	518	248	0	F
465	450	156	0	F
465	450	447	4	L
465	450	449	4	R
465	450	465	60	U
465	504	406	0	F
465	504	447	4	R
465	504	465	60	U
466	495	337	4	R
466	495	494	4	L
467	468	469	0	F
467	468	498	4	R
468	469	409	0	F
468	498	497	0	F
469	409	410	4	L
469	409	470	0	F
470	349	244	0	F
470	349	517	4	L
470	517	243	0	F
471	274	271	0	F
471	274	275	4	R
471	274	471	60	U
471	516	275	4	L
471	516	358	4	R
471	516	471	60	U
472	178	27	0	F
472	178	164	4	R
472	178	472	60	U
472	531	186	0	F
472	531	472	60	U
473	153	474	0	F
473	436	150	4	R
473	436	179	4	L
473	436	473	60	U
474	514	444	4	R
475	479	476	0	F
475	479	477	4	L
476	406	404	0	F
476	406	476	60	U
476	406	504	4	R
476	477	478	4	R
477	478	152	4	R
477	478	514	4	L
478	152	473	0	F
478	514	444	4	L
479	476	406	0	F
479	476	477	8	L
479	477	478	4	L
480	538	93	0	F
480	538	480	60	U
480	539	130	0	F
480	539	480	60	U
481	236	194	4	R
481	236	237	0	F
482	273	272	4	L
482	273	280	0	F
482	273	482	60	U
482	425	16	0	F
482	425	482	60	U
482	503	272	4	R
482	503	467	4	L
482	503	482	60	U
482	503	499	0	F
483	484	174	0	F
483	484	483	60	U
483	510	174	4	L
483	510	428	4	R
483	510	483	60	U
483	510	486	0	F
484	174	173	0	F
484	174	199	4	L
484	174	484	60	U
484	174	510	4	R
484	483	484	60	U
484	483	510	8	L
485	59	47	0	F
485	59	58	4	R
485	59	60	4	L
485	59	485	60	U
485	81	80	4	L
485	81	428	0	F
485	81	485	60	U
485	81	486	4	R
485	506	58	4	L
485	506	80	4	R
485	506	429	0	F
485	506	485	60	U
485	507	60	4	R
485	507	175	0	F
485	507	485	60	U
485	507	486	4	L
486	81	80	0	F
486	81	428	4	R
486	81	485	4	L
486	81	486	60	U
486	173	174	4	L
486	173	175	4	R
486	173	220	0	F
486	173	486	60	U
486	507	60	0	F
486	507	175	4	L
486	507	485	4	R
486	507	486	60	U
486	510	174	4	R
486	510	428	4	L
486	510	483	0	F
486	510	486	60	U
487	65	397	4	R
487	65	487	60	U
487	396	48	0	F
487	396	395	4	R
487	396	397	4	L
487	396	487	60	U
488	489	130	4	R
488	489	138	0	F
488	526	443	4	L
488	526	488	60	U
489	130	131	4	L
489	130	489	60	U
489	130	539	0	F
489	138	122	4	R
489	138	490	0	F
489	138	493	4	L
490	123	122	4	R
490	123	124	4	L
490	123	132	0	F
490	123	490	60	U
490	137	136	0	F
490	137	490	60	U
490	137	493	4	L
490	139	124	4	R
490	139	491	0	F
491	125	118	4	L
491	125	124	4	R
491	125	134	0	F
491	125	491	60	U
491	492	383	4	L
491	492	453	0	F
491	525	137	4	L
491	525	283	0	F
491	525	491	60	U
492	383	492	60	U
492	383	525	4	L
492	453	527	4	L
492	453	528	0	F
492	453	540	4	R
493	138	122	0	F
493	138	490	4	L
493	138	493	60	U
493	526	443	0	F
493	526	488	4	L
494	437	297	0	F
494	437	494	60	U
494	496	298	4	L
495	337	295	4	L
495	337	317	0	F
495	337	495	60	U
495	494	437	4	R
495	494	496	4	L
496	298	287	4	R
496	298	466	4	L
497	499	500	4	R
497	499	503	4	R
498	497	499	0	F
499	500	499	60	U
499	500	534	8	R
499	503	272	4	L
499	503	467	4	R
499	503	482	0	F
499	503	499	60	U
500	499	500	60	U
500	499	503	4	L
500	534	272	0	F
500	534	280	4	L
500	534	500	60	U
501	310	13	4	L
501	310	501	60	U
501	501	310	4	L
501	501	501	60	U
502	86	85	4	L
502	86	87	4	R
502	86	502	60	U
502	96	88	4	L
502	96	97	4	R
502	96	502	60	U
502	344	97	4	L
502	344	343	4	R
502	344	502	60	U
503	272	273	4	R
503	272	503	60	U
503	272	534	0	F
503	467	468	4	R
503	482	273	4	L
503	482	425	4	R
503	482	503	60	U
503	499	500	4	R
503	499	503	60	U
504	406	404	4	R
504	406	476	4	L
504	406	504	60	U
504	447	404	4	L
504	447	448	0	F
504	447	450	4	R
504	447	504	60	U
504	465	450	4	L
504	465	504	60	U
505	53	41	0	F
505	53	52	4	R
505	53	54	4	L
505	53	505	60	U
505	68	54	4	R
505	68	72	0	F
505	68	505	60	U
505	71	52	4	L
505	71	63	0	F
505	71	505	60	U
505	508	64	4	L
505	508	74	4	R
505	508	505	60	U
506	58	46	0	F
506	58	57	4	R
506	58	59	4	L
506	58	506	60	U
506	80	79	4	L
506	80	81	4	R
506	80	506	60	U
506	80	509	0	F
506	429	57	4	L
506	429	79	4	R
506	429	506	60	U
506	429	542	0	F
506	485	59	4	R
506	485	81	4	L
506	485	506	60	U
506	485	507	0	F
507	60	59	4	R
507	60	61	4	L
507	60	438	0	F
507	60	507	60	U
507	175	61	4	R
507	175	173	4	L
507	175	458	0	F
507	175	507	60	U
507	485	59	4	L
507	485	81	4	R
507	485	506	0	F
507	485	507	60	U
507	486	81	4	L
507	486	173	4	R
507	486	507	60	U
507	486	510	0	F
508	64	63	4	L
508	64	508	60	U
508	74	75	4	R
508	74	78	4	L
508	74	508	60	U
508	505	53	0	F
508	505	68	4	L
508	505	71	4	R
508	505	508	60	U
509	78	74	0	F
509	78	79	8	L
509	78	509	60	U
509	80	79	4	R
509	80	81	4	L
509	80	506	0	F
509	80	509	60	U
509	428	81	4	R
509	428	509	60	U
509	428	510	0	F
510	174	173	4	R
510	174	199	0	F
510	174	484	4	L
510	174	510	60	U
510	428	81	4	L
510	428	509	0	F
510	428	510	60	U
510	483	484	8	R
510	483	510	60	U
510	486	81	4	R
510	486	173	4	L
510	486	507	0	F
510	486	510	60	U
511	512	441	0	F
511	512	475	4	L
512	441	475	8	L
512	475	479	4	L
513	226	227	8	L
513	226	361	0	F
513	227	330	4	L
514	444	511	0	F
515	315	314	4	R
515	315	385	0	F
515	407	317	0	F
515	407	321	4	L
515	407	515	60	U
516	275	274	4	L
516	275	278	0	F
516	275	516	60	U
516	358	359	4	L
516	358	408	0	F
516	358	516	60	U
516	471	274	4	R
516	471	516	60	U
517	243	229	0	F
517	243	244	4	R
518	248	215	4	L
518	248	435	4	R
519	370	169	4	L
519	371	259	4	R
519	371	369	8	L
520	135	136	4	L
520	135	520	60	U
520	283	136	4	R
520	283	282	4	L
520	283	520	60	U
520	283	525	0	F
520	382	282	4	R
520	382	520	60	U
520	382	521	0	F
520	426	20	0	F
520	426	381	4	R
520	426	520	60	U
521	303	285	4	R
521	303	302	4	L
521	303	521	60	U
521	303	522	0	F
521	306	290	0	F
521	306	302	4	R
521	306	381	4	L
521	382	282	4	L
521	382	520	0	F
521	382	521	60	U
522	303	285	4	L
522	303	302	4	R
522	303	521	0	F
522	303	522	60	U
522	305	292	4	L
522	305	522	60	U
523	219	209	4	R
523	219	218	4	L
523	219	523	60	U
523	265	257	0	F
523	265	524	4	L
523	524	265	4	R
523	524	384	0	F
523	524	523	60	U
524	265	257	4	L
524	265	524	60	U
524	384	225	0	F
524	384	524	60	U
524	523	219	0	F
524	523	265	8	L
524	523	524	60	U
525	137	136	4	R
525	137	490	4	L
525	137	493	0	F
525	283	136	4	L
525	283	282	4	R
525	283	520	0	F
525	283	525	60	U
525	491	125	0	F
525	491	492	4	L
525	491	525	60	U
526	443	488	8	L
526	488	489	4	L
526	488	526	60	U
527	286	282	4	L
527	286	285	4	R
527	286	521	0	F
527	383	492	4	L
527	383	525	0	F
527	453	527	60	U
527	453	528	4	L
527	453	540	0	F
528	304	285	4	L
528	304	528	60	U
528	527	286	4	R
528	527	383	0	F
528	527	453	4	L
529	145	120	0	F
529	145	144	4	L
529	145	146	4	R
529	145	529	60	U
529	346	144	4	R
529	346	529	60	U
530	27	28	4	L
530	27	178	0	F
531	186	187	4	L
531	186	392	0	F
531	186	531	60	U
531	472	178	0	F
531	472	531	60	U
532	440	533	4	L
532	533	387	4	L
533	387	388	4	L
533	387	389	0	F
534	272	273	4	L
534	272	503	0	F
534	272	534	60	U
534	280	268	4	L
534	280	273	4	R
534	280	281	0	F
534	280	534	60	U
534	500	499	8	L
534	500	534	60	U
535	85	86	4	L
535	85	343	0	F
535	85	535	60	U
535	536	106	0	F
535	536	535	60	U
536	106	107	4	R
536	106	342	0	F
536	106	536	60	U
536	535	85	0	F
536	535	536	60	U
537	93	92	4	R
537	93	537	60	U
537	93	538	0	F
537	102	84	0	F
537	102	94	4	L
537	102	537	60	U
538	93	92	4	L
538	93	537	0	F
538	93	538	60	U
538	480	538	60	U
538	480	539	0	F
539	130	131	4	R
539	130	489	0	F
539	130	539	60	U
539	480	538	0	F
539	480	539	60	U
540	147	143	4	L
540	147	540	60	U
540	453	527	0	F
540	453	528	4	R
540	453	540	60	U
541	44	43	4	R
541	44	45	4	L
541	44	76	0	F
541	44	541	60	U
541	56	55	4	L
541	56	57	4	R
541	56	75	0	F
541	56	541	60	U
542	75	56	4	L
542	75	72	0	F
542	75	74	4	R
542	75	542	60	U
542	429	57	4	R
542	429	79	4	L
542	429	506	0	F
542	429	542	60	U
543	41	40	0	F
543	41	53	4	R
543	41	419	4	L
543	41	543	60	U
543	42	43	0	F
543	42	69	4	R
543	42	543	60	U
543	42	546	4	L
544	39	40	4	L
544	39	544	60	U
544	51	50	4	L
544	51	52	4	R
544	51	63	0	F
544	51	544	60	U
545	50	51	4	L
545	50	67	4	L
545	50	545	60	U
545	66	67	4	R
545	66	545	60	U
546	42	43	4	L
546	42	69	0	F
546	42	543	4	R
546	42	546	60	U
546	54	53	4	L
546	54	55	4	R
546	54	68	0	F
546	54	546	60	U